#num_glc cut_left cut_right bord1 bord2 num_sgb num_rgb num_ms
0 30 30 -0.01 0.04 7 40 10 4
1 3 1 0.01 0.01 8 40 10 4
2 4 0 0.02 -0.07 5 40 10 2
3 3 1 -0.01 -0.01 7 40 10 4
4 2 2 -0.01 0.0 7 40 10 2
5 2 2 0.01 0.0 8 40 10 2
6 2 2 -0.01 0.04 7 40 10 4
7 1 3 -0.05 0.02 8 40 10 4
8 -5 7 -0.1 0.12 6 20 15 4
9 2 -1 0.02 -0.05 8 20 15 2
10 -1 3 -0.04 0.04 6 21 0.1 4 
11 -1 2 -0.02 0.03 7 21 0.1 2
12 -2 4 0.0 0.03 8 21 0.1 4
13 -1 2 -0.02 0.03 8 21 0.1 2
14 0 2 -0.01 0.05 7 21 0.1 2
15 0 3 -0.01 0.03 8 21 0.1 4
16 0 1 -0.07 0.02 6 21 0.1 4 
17 0 1 -0.02 0.04 8 21 0.1 4
18 0 1 -0.03 0.03 8 21 0.1 4
19 -1 3 -0.03 0.03 8 21 0.1 4
20 0 1 -0.02 0.02 8 21 0.1 4 
21 3 -1 0.08 -0.1 5 21 0.1 4
22 0 2 -0.02 0.02 8 21 0.1 4
23 -2 3 -0.06 0.06 7 21 0.1 4
24 1 4 -0.09 0.09 7 21 0.1 4 
25 0 2 -0.07 0.07 6 21 0.1 4
26 0 3 -0.07 0.09 6 21 0.1 4
27 0 6 -0.09 0.1 5 21 0.1 4
28 1 0 -0.01 0.02 8 21 0.1 4
29 1 0 -0.02 0.02 8 21 0.1 4
30 1 0 0 0 6 21 0.1 4
31 0 3 0.07 -0.11 7 21 0.1 4
33 1 0 -0.03 0.02 6 21 0.1 4
34 0 2 0.02 -0.04 8 21 0.1 4
35 1 1 0.02 -0.06 8 21 0.1 1 
36 1 1 0.01 -0.04 5 21 0.1 1
37 1 0 -0.01 0.03 8 21 0.1 1
38 0 1 -0.04 0.05 6 21 0.1 1
39 1 0 -0.01 -0.02 4 21 0.1 1 
40 0 2 -0.07 0.03 6 21 0.1 1
41 0 3 -0.07 0.07 4 21 0.1 1
42 1 0 0.01 0 8 21 0.1 1
43 1 0 0 0 8 21 0.1 1
44 0 2 0.05 -0.06 6 21 0.1 1
45 0 1 0.02 -0.05 8 21 0.1 1
46 0 1 -0.04 0.02 5 21 0.1 1
47 1 0 -0.04 0.04 8 21 0.1 1
48 0 2 -0.05 0.06 6 21 0.1 1
49 1 0 -0.02 0 8 21 0.1 1
50 1 0 -0.01 0 8 21 0.1 1
51 0 4 -0.04 0.04 5 21 0.1 1
52 0 1 -0.04 0.03 8 21 0.1 1
53 0 1 0 0 8 21 0.1 1
54 0 2 -0.05 0.04 6 21 0.1 1
55 0 1 0.01 -0.02 8 21 0.1 1
56 1 0 -0.01 0.01 8 21 0.1 1
57 1 0 -0.01 0.01 8 21 0.1 1
58 0 2 -0.06 0.06 8 21 0.1 1
59 1 0 0 0 8 21 0.1 1
60 1 0 -0.01 0 8 21 0.1 1
61 0 1 -0.02 0 6 21 0.1 1
62 2 2 0 0 10 21 0.1 1
63 1 0 -0.01 0.02 5 21 0.1 1
64 1 0 -0.02 0.05 6 21 0.1 1
65 1 0 -0.06 0.05 5 21 0.1 1
66 1 0 0.01 0 8 21 0.1 1
67 1 0 0.01 0 7 21 0.1 1
68 1 0 -0.02 0.04 6 21 0.1 1
