# File generated by CMD 3.3 (http://stev.oapd.inaf.it/cmd) on Thu Mar 12 11:40:30 CET 2020
# isochrones based on PARSEC release v1.2S +  COLIBRI S_35
# Basic references: Bressan et al. (2012), MNRAS, 427, 127 + Chen et al. (2014, 2015), MNRAS, 444, 2525 + MNRAS, 452, 1068 + Tang et al. (2014), MNRAS, 445, 4287 + Marigo et al. (2017), ApJ, 835, 77 + Pastorelli al. (2019), MNRAS in press
# Thermal pulse cycles included 
# On RGB, assumed Reimers mass loss with efficiency eta=0.2
# Photometric system: HST/ACS WFC
# Attention: photometry includes extinction of Av=0.31, with coefficients derived star-by-star, for Cardelli et al 89 + O'Donnell 94 Rv=3.1 extinction curve.
# Using YBC version of bolometric corrections as in Chen et al. (2019)
# O-rich circumstellar dpmod60alox40 dust from Groenewegen (2006)
# C-rich circumstellar AMCSIC15 dust from Groenewegen (2006)
# IMF: Kroupa (2001, 2002) + Kroupa et al. (2013) canonical two-part-power law IMF corrected for unresolved binaries 
# Kind of output: isochrone tables
# Zini     MH   logAge Mini        int_IMF         Mass   logL    logTe  logg  label   McoreTP C_O  period0 period1 pmode  Mloss  tau1m   X   Y   Xc  Xn  Xo  Cexcess  Z 	 mbolmag  F435Wmag  F475Wmag  F502Nmag  F550Mmag  F555Wmag  F606Wmag  F625Wmag  F658Nmag  F660Nmag  F775Wmag  F814Wmag  F850LPmag
0.00027635 -1.75000 10.11400 0.0900000036 1.0816895962    0.090 -3.193  3.4835  5.471    1  0.000  0.545     0.00     0.00 -1 -4.94e-17      0.00 7.480e-01 2.517e-01 5.500e-05 1.484e-05 1.346e-04 -1.000 3.059e-04 12.752 17.573 16.621 17.089 15.165 15.560 14.682 14.296 13.199 13.207 12.442 12.199 11.724
0.00027635 -1.75000 10.11400 0.0957161188 1.1342914104    0.096 -2.989  3.5133  5.413    1  0.000  0.545     0.00     0.00 -1  -8.2e-17      0.00 7.466e-01 2.531e-01 5.500e-05 1.484e-05 1.346e-04 -1.000 3.058e-04 12.242 16.336 15.525 15.758 14.055 14.447 13.721 13.337 12.525 12.564 11.901 11.701 11.285
0.00027635 -1.75000 10.11400 0.0999999940 1.1711063385    0.100 -2.844  3.5344  5.372    1  0.000  0.545     0.00     0.00 -1 -1.17e-16      0.00 7.454e-01 2.542e-01 5.500e-05 1.484e-05 1.346e-04 -1.000 3.059e-04 11.881 15.526 14.793 14.902 13.414 13.777 13.100 12.720 12.071 12.129 11.520 11.343 10.961
0.00027635 -1.75000 10.11400 0.1199999973 1.3193154335    0.120 -2.553  3.5653  5.283    1  0.000  0.545     0.00     0.00 -1 -2.32e-16      0.00 7.421e-01 2.576e-01 5.500e-05 1.484e-05 1.346e-04 -1.000 3.058e-04 11.151 14.214 13.578 13.543 12.385 12.696 12.065 11.697 11.234 11.311 10.764 10.616 10.275
0.00027635 -1.75000 10.11400 0.1400000006 1.4384527206    0.140 -2.368  3.5802  5.225    1  0.000  0.545     0.00     0.00 -1 -3.51e-16      0.00 7.399e-01 2.598e-01 5.500e-05 1.484e-05 1.346e-04 -1.000 3.059e-04 10.691 13.506 12.909 12.816 11.805 12.092 11.493 11.136 10.730 10.813 10.292 10.156 9.832
0.00027635 -1.75000 10.11400 0.1599999964 1.5372931957    0.160 -2.224  3.5900  5.178    1  0.000  0.545     0.00     0.00 -1 -4.83e-16      0.00 7.385e-01 2.612e-01 5.500e-05 1.484e-05 1.346e-04 -1.000 3.058e-04 10.330 12.994 12.420 12.292 11.372 11.644 11.072 10.725 10.344 10.429 9.925 9.795 9.482
0.00027635 -1.75000 10.11400 0.2000000179 1.6938792467    0.200 -2.003  3.6025  5.104    1  0.000  0.545     0.00     0.00 -1 -7.83e-16      0.00 7.376e-01 2.621e-01 5.500e-05 1.484e-05 1.346e-04 -1.000 3.058e-04 9.778 12.263 11.716 11.557 10.733 10.988 10.452 10.120 9.759 9.845 9.365 9.241 8.941
0.00027635 -1.75000 10.11400 0.2500000298 1.8403259516    0.250 -1.802  3.6135  5.044    1  0.000  0.545     0.00     0.00 -1 -3.23e-16      0.00 7.378e-01 2.619e-01 5.499e-05 1.484e-05 1.346e-04 -1.000 3.059e-04 9.274 11.612 11.088 10.909 10.156 10.398 9.893 9.574 9.227 9.313 8.853 8.735 8.447
0.00027635 -1.75000 10.11400 0.3000000417 1.9529141188    0.300 -1.648  3.6224  5.004    1  0.000  0.545     0.00     0.00 -1 -6.23e-16      0.00 7.379e-01 2.618e-01 5.498e-05 1.484e-05 1.346e-04 -1.000 3.060e-04 8.889 11.114 10.608 10.417 9.715 9.945 9.466 9.157 8.819 8.905 8.462 8.349 8.070
0.00027635 -1.75000 10.11400 0.3500000238 2.0434176922    0.350 -1.521  3.6304  4.977    1  0.000  0.544     0.00     0.00 -1 -1.09e-15      0.00 7.377e-01 2.620e-01 5.495e-05 1.484e-05 1.346e-04 -1.000 3.077e-04 8.574 10.702 10.210 10.012 9.351 9.572 9.114 8.815 8.484 8.570 8.142 8.032 7.762
0.00027635 -1.75000 10.11400 0.4000000358 2.1185026169    0.400 -1.387  3.6405  4.941    1  0.000  0.545     0.00     0.00 -1 -2.76e-15      0.00 7.502e-01 2.494e-01 5.500e-05 1.484e-05 1.346e-04 -1.000 3.058e-04 8.237 10.251 9.778 9.574 8.957 9.167 8.735 8.447 8.125 8.211 7.800 7.696 7.436
0.00027635 -1.75000 10.11400 0.4499999881 2.1822810173    0.450 -1.222  3.6574  4.895    1  0.000  0.545     0.00     0.00 -1 -4.01e-15      0.00 7.506e-01 2.491e-01 5.500e-05 1.484e-05 1.346e-04 -1.000 3.059e-04 7.825 9.661 9.218 9.010 8.457 8.650 8.256 7.986 7.680 7.763 7.382 7.285 7.042
0.00027635 -1.75000 10.11400 0.5000000000 2.2374541759    0.500 -1.037  3.6789  4.842    1  0.000  0.545     0.00     0.00 -1 -6.19e-15      0.00 7.506e-01 2.491e-01 5.500e-05 1.484e-05 1.346e-04 -1.000 3.059e-04 7.363 8.994 8.588 8.377 7.901 8.071 7.722 7.475 7.187 7.266 6.918 6.831 6.608
0.00027635 -1.75000 10.11400 0.5500000715 2.2836585045    0.550 -0.823  3.7014  4.759    1  0.000  0.544     0.00     0.00 -1 -1.06e-14      0.00 7.876e-01 2.122e-01 4.735e-05 1.278e-05 1.160e-04 -1.000 2.187e-04 6.828 8.278 7.911 7.708 7.291 7.440 7.129 6.903 6.632 6.708 6.390 6.311 6.109
0.00027635 -1.75000 10.11400 0.6000000238 2.3211214542    0.600 -0.607  3.7287  4.690    1  0.000  0.544     0.00     0.00 -1 -1.81e-14      0.00 8.004e-01 1.994e-01 4.488e-05 1.212e-05 1.101e-04 -1.000 2.576e-04 6.289 7.557 7.242 7.057 6.692 6.823 6.549 6.344 6.092 6.163 5.878 5.808 5.628
0.00027635 -1.75000 10.11400 0.6060909033 2.3252019882    0.606 -0.580  3.7324  4.682    1  0.000  0.543     0.00     0.00 -1 -1.94e-14      0.00 8.022e-01 1.975e-01 4.452e-05 1.203e-05 1.092e-04 -1.000 2.670e-04 6.219 7.465 7.157 6.975 6.616 6.745 6.476 6.274 6.025 6.095 5.814 5.745 5.568
0.00027635 -1.75000 10.11400 0.6165307164 2.3319809437    0.616 -0.532  3.7389  4.667    1  0.000  0.543     0.00     0.00 -1 -2.18e-14      0.00 8.055e-01 1.942e-01 4.390e-05 1.186e-05 1.077e-04 -1.000 2.681e-04 6.100 7.309 7.013 6.836 6.487 6.613 6.351 6.154 5.909 5.978 5.704 5.637 5.465
0.00027635 -1.75000 10.11400 0.6262292266 2.3380460739    0.626 -0.487  3.7448  4.653    1  0.000  0.543     0.00     0.00 -1 -1.76e-20      0.00 8.088e-01 1.910e-01 4.329e-05 1.170e-05 1.063e-04 -1.000 2.627e-04 5.988 7.166 6.881 6.708 6.368 6.491 6.236 6.043 5.802 5.871 5.603 5.538 5.370
0.00027635 -1.75000 10.11400 0.6352403164 2.3434910774    0.635 -0.445  3.7501  4.638    1  0.000  0.543     0.00     0.00 -1 -5.61e-19      0.00 8.119e-01 1.879e-01 4.270e-05 1.154e-05 1.049e-04 -1.000 2.344e-04 5.883 7.033 6.757 6.589 6.257 6.377 6.129 5.939 5.703 5.770 5.509 5.445 5.281
0.00027635 -1.75000 10.11400 0.6440177560 2.3486266136    0.644 -0.404  3.7553  4.623    1  0.000  0.543     0.00     0.00 -1  -3.9e-16      0.00 8.151e-01 1.847e-01 4.211e-05 1.139e-05 1.035e-04 -1.000 2.343e-04 5.779 6.903 6.637 6.473 6.149 6.266 6.025 5.839 5.606 5.673 5.417 5.355 5.195
0.00027635 -1.75000 10.11400 0.6499999762 2.3520355225    0.650 -0.375  3.7588  4.613    1  0.000  0.542     0.00     0.00 -1 -3.24e-14      0.00 8.173e-01 1.824e-01 4.169e-05 1.127e-05 1.025e-04 -1.000 2.627e-04 5.708 6.814 6.554 6.393 6.075 6.190 5.953 5.769 5.539 5.605 5.354 5.293 5.135
0.00027635 -1.75000 10.11400 0.6536937356 2.3541045189    0.653 -0.357  3.7608  4.606    1  0.000  0.542     0.00     0.00 -1 -3.39e-14      0.00 8.190e-01 1.807e-01 4.137e-05 1.119e-05 1.017e-04 -1.000 2.598e-04 5.663 6.760 6.503 6.344 6.029 6.143 5.908 5.727 5.498 5.564 5.314 5.254 5.098
0.00027635 -1.75000 10.11400 0.6645148396 2.3600139618    0.664 -0.304  3.7667  4.583    1  0.000  0.542     0.00     0.00 -1 -2.68e-14      0.00 8.243e-01 1.755e-01 4.040e-05 1.093e-05 9.936e-05 -1.000 2.260e-04 5.530 6.601 6.354 6.200 5.894 6.004 5.776 5.599 5.375 5.439 5.196 5.137 4.986
0.00027635 -1.75000 10.11400 0.6748329401 2.3654460907    0.675 -0.252  3.7722  4.559    1  0.000  0.542     0.00     0.00 -1  -2.7e-15      0.00 8.296e-01 1.702e-01 3.940e-05 1.067e-05 9.700e-05 -1.000 2.128e-04 5.399 6.446 6.209 6.059 5.761 5.869 5.647 5.473 5.254 5.317 5.080 5.022 4.875
0.00027635 -1.75000 10.11400 0.6844465733 2.3703382015    0.684 -0.201  3.7772  4.535    1  0.000  0.541     0.00     0.00 -1 -7.38e-19      0.00 8.349e-01 1.649e-01 3.842e-05 1.041e-05 9.466e-05 -1.000 2.241e-04 5.273 6.298 6.070 5.924 5.633 5.738 5.522 5.352 5.136 5.199 4.967 4.911 4.767
0.00027635 -1.75000 10.11400 0.6933829784 2.3747460842    0.693 -0.152  3.7818  4.510    1  0.000  0.541     0.00     0.00 -1 -4.33e-16      0.00 8.401e-01 1.597e-01 3.746e-05 1.015e-05 9.237e-05 -1.000 2.357e-04 5.150 6.157 5.935 5.794 5.509 5.612 5.401 5.235 5.022 5.084 4.857 4.802 4.661
0.00027635 -1.75000 10.11400 0.6999999881 2.3779268265    0.700 -0.114  3.7852  4.490    1  0.000  0.540     0.00     0.00 -1 -6.54e-14      0.00 8.442e-01 1.556e-01 3.671e-05 9.951e-06 9.057e-05 -1.000 2.353e-04 5.056 6.048 5.832 5.693 5.414 5.515 5.308 5.144 4.934 4.996 4.771 4.718 4.579
0.00027635 -1.75000 10.11400 0.7033201456 2.3794968128    0.703 -0.095  3.7868  4.479    1  0.000  0.540     0.00     0.00 -1 -6.91e-14      0.00 8.461e-01 1.536e-01 3.631e-05 9.854e-06 8.970e-05 -1.000 2.309e-04 5.007 5.993 5.779 5.642 5.365 5.465 5.260 5.097 4.889 4.950 4.727 4.674 4.537
0.00027635 -1.75000 10.11400 0.7114925385 2.3832895756    0.711 -0.044  3.7907  4.449    1  0.000  0.538     0.00     0.00 -1 -7.98e-14      0.00 8.508e-01 1.490e-01 3.538e-05 9.624e-06 8.769e-05 -1.000 1.940e-04 4.881 5.850 5.643 5.508 5.237 5.335 5.135 4.975 4.770 4.830 4.612 4.560 4.425
0.00027635 -1.75000 10.11400 0.7185117602 2.3864681721    0.718  0.002  3.7940  4.421    1  0.000  0.536     0.00     0.00 -1 -9.12e-14      0.00 8.545e-01 1.453e-01 3.465e-05 9.449e-06 8.615e-05 -1.000 1.925e-04 4.766 5.722 5.519 5.387 5.121 5.218 5.021 4.863 4.662 4.721 4.506 4.455 4.323
0.00027635 -1.75000 10.11400 0.7253122330 2.3894801140    0.725  0.049  3.7971  4.390    1  0.000  0.535     0.00     0.00 -1 -2.23e-15      0.00 8.577e-01 1.421e-01 3.401e-05 9.295e-06 8.480e-05 -1.000 2.221e-04 4.648 5.591 5.393 5.264 5.002 5.097 4.903 4.748 4.550 4.608 4.396 4.346 4.216
0.00027635 -1.75000 10.11400 0.7321133018 2.3924283981    0.732  0.099  3.8000  4.355    1  0.000  0.533     0.00     0.00 -1 -1.37e-19      0.00 8.607e-01 1.391e-01 3.343e-05 9.156e-06 8.359e-05 -1.000 2.187e-04 4.523 5.453 5.259 5.132 4.875 4.968 4.778 4.625 4.429 4.487 4.278 4.228 4.101
0.00027635 -1.75000 10.11400 0.7399721146 2.3957574368    0.739  0.162  3.8031  4.309    1  0.000  0.531     0.00     0.00 -1 -6.89e-17      0.00 8.639e-01 1.359e-01 3.284e-05 9.016e-06 8.237e-05 -1.000 1.995e-04 4.365 5.282 5.093 4.968 4.715 4.807 4.620 4.470 4.277 4.334 4.128 4.079 3.954
0.00027635 -1.75000 10.11400 0.7473176718 2.3987963200    0.747  0.227  3.8055  4.258    1  0.000  0.530     0.00     0.00 -1 -2.32e-14      0.00 8.665e-01 1.334e-01 3.235e-05 8.903e-06 8.141e-05 -1.000 1.706e-04 4.203 5.109 4.923 4.799 4.551 4.641 4.458 4.309 4.119 4.176 3.971 3.924 3.800
0.00027635 -1.75000 10.11400 0.7500000000 2.3998889923    0.749  0.252  3.8062  4.238    1  0.000  0.529     0.00     0.00 -1 -1.96e-13      0.00 8.673e-01 1.325e-01 3.220e-05 8.869e-06 8.112e-05 -1.000 1.705e-04 4.140 5.042 4.857 4.734 4.487 4.577 4.394 4.246 4.057 4.114 3.910 3.863 3.740
0.00027635 -1.75000 10.11400 0.7543790340 2.4016537666    0.753  0.294  3.8074  4.203    1  0.000  0.529     0.00     0.00 -1 -2.24e-13      0.00 8.668e-01 1.330e-01 3.236e-05 8.914e-06 8.153e-05 -1.000 1.733e-04 4.035 4.930 4.747 4.625 4.379 4.469 4.288 4.141 3.953 4.009 3.807 3.760 3.638
0.00027635 -1.75000 10.11400 0.7581243515 2.4031443596    0.757  0.333  3.8080  4.168    1  0.000  0.529     0.00     0.00 -1 -2.55e-13      0.00 8.661e-01 1.338e-01 3.255e-05 8.969e-06 8.204e-05 -1.000 1.764e-04 3.937 4.828 4.645 4.525 4.280 4.369 4.189 4.043 3.855 3.911 3.710 3.663 3.541
0.00027635 -1.75000 10.11400 0.7593522072 2.4036293030    0.758  0.347  3.8079  4.154    1  0.000  0.529     0.00     0.00 -1 -2.68e-13      0.00 8.658e-01 1.340e-01 3.262e-05 8.987e-06 8.220e-05 -1.000 1.773e-04 3.902 4.792 4.610 4.489 4.245 4.334 4.154 4.007 3.820 3.876 3.675 3.628 3.506
0.00027635 -1.75000 10.11400 0.7641150355 2.4054939747    0.763  0.405  3.8066  4.094    1  0.000  0.529     0.00     0.00 -1 -3.25e-13      0.00 8.648e-01 1.350e-01 3.288e-05 9.058e-06 8.286e-05 -1.000 1.808e-04 3.757 4.648 4.465 4.344 4.099 4.188 4.007 3.860 3.671 3.728 3.526 3.479 3.356
0.00027635 -1.75000 10.11400 0.7677257657 2.4068896770    0.767  0.456  3.8038  4.034    1  0.000  0.529     0.00     0.00 -1 -3.91e-13      0.00 8.640e-01 1.358e-01 3.307e-05 9.111e-06 8.335e-05 -1.000 1.834e-04 3.630 4.530 4.344 4.222 3.973 4.063 3.880 3.731 3.539 3.597 3.393 3.345 3.220
0.00027635 -1.75000 10.11400 0.7683404088 2.4071257114    0.767  0.465  3.8030  4.022    1  0.000  0.529     0.00     0.00 -1 -4.07e-13      0.00 8.639e-01 1.359e-01 3.310e-05 9.120e-06 8.343e-05 -1.000 1.838e-04 3.607 4.508 4.322 4.199 3.949 4.040 3.856 3.707 3.514 3.572 3.368 3.319 3.194
0.00027635 -1.75000 10.11400 0.7689749599 2.4073688984    0.768  0.476  3.8020  4.007    1  0.000  0.529     0.00     0.00 -1 -4.24e-13      0.00 8.638e-01 1.360e-01 3.314e-05 9.130e-06 8.352e-05 -1.000 1.842e-04 3.580 4.485 4.298 4.174 3.923 4.015 3.829 3.679 3.485 3.544 3.339 3.290 3.164
0.00027635 -1.75000 10.11400 0.7711077929 2.4081833363    0.770  0.515  3.7972  3.951    2  0.000  0.529     0.00     0.00 -1 -4.92e-13      0.00 8.633e-01 1.365e-01 3.325e-05 9.161e-06 8.381e-05 -1.000 1.857e-04 3.483 4.404 4.211 4.085 3.828 3.921 3.731 3.578 3.380 3.439 3.230 3.180 3.051
0.00027635 -1.75000 10.11400 0.7727385759 2.4088025093    0.771  0.549  3.7914  3.894    2  0.000  0.529     0.00     0.00 -1 -5.68e-13      0.00 8.625e-01 1.374e-01 3.353e-05 9.239e-06 8.452e-05 -1.000 1.869e-04 3.397 4.339 4.139 4.009 3.745 3.840 3.644 3.488 3.283 3.345 3.131 3.079 2.946
0.00027635 -1.75000 10.11400 0.7740151286 2.4092850685    0.773  0.580  3.7845  3.836    2  0.000  0.529     0.00     0.00 -1 -6.52e-13      0.00 8.599e-01 1.399e-01 3.432e-05 9.454e-06 8.647e-05 -1.000 2.055e-04 3.319 4.287 4.078 3.944 3.670 3.769 3.566 3.405 3.194 3.257 3.037 2.983 2.845
0.00027635 -1.75000 10.11400 0.7750438452 2.4096727371    0.774  0.609  3.7772  3.779    2  0.000  0.530     0.00     0.00 -1 -7.42e-13      0.00 8.483e-01 1.515e-01 3.711e-05 1.021e-05 9.334e-05 -1.000 2.209e-04 3.249 4.246 4.027 3.888 3.605 3.707 3.496 3.330 3.112 3.177 2.950 2.894 2.751
0.00027635 -1.75000 10.11400 0.7759066224 2.4099967480    0.774  0.635  3.7699  3.724    2  0.000  0.531     0.00     0.00 -1 -8.39e-13      0.00 8.278e-01 1.719e-01 4.105e-05 1.128e-05 1.029e-04 -1.000 2.321e-04 3.183 4.211 3.982 3.838 3.545 3.650 3.431 3.260 3.038 3.104 2.869 2.811 2.662
0.00027635 -1.75000 10.11400 0.7766674757 2.4102818966    0.775  0.662  3.7628  3.669    2  0.000  0.534     0.00     0.00 -1 -1.51e-14      0.00 8.050e-01 1.948e-01 4.479e-05 1.228e-05 1.119e-04 -1.000 2.399e-04 3.116 4.176 3.936 3.787 3.484 3.593 3.366 3.190 2.962 3.029 2.787 2.727 2.573
0.00027635 -1.75000 10.11400 0.7773422599 2.4105343819    0.776  0.691  3.7562  3.613    2  0.000  0.535     0.00     0.00 -1 -1.66e-15      0.00 7.900e-01 2.098e-01 4.727e-05 1.294e-05 1.178e-04 -1.000 2.343e-04 3.042 4.133 3.883 3.729 3.416 3.528 3.295 3.114 2.881 2.950 2.701 2.639 2.480
0.00027635 -1.75000 10.11400 0.7780103087 2.4107835293    0.776  0.730  3.7503  3.552    2  0.000  0.536     0.00     0.00 -1  -2.3e-15      0.00 7.804e-01 2.193e-01 4.888e-05 1.337e-05 1.216e-04 -1.000 2.746e-04 2.946 4.066 3.807 3.648 3.327 3.442 3.202 3.017 2.779 2.850 2.594 2.530 2.367
0.00027635 -1.75000 10.11400 0.7785375118 2.4109799862    0.777  0.768  3.7463  3.498    2  0.000  0.536     0.00     0.00 -1 -3.05e-15      0.00 7.755e-01 2.242e-01 4.972e-05 1.360e-05 1.236e-04 -1.000 2.857e-04 2.851 3.991 3.726 3.565 3.238 3.355 3.110 2.923 2.682 2.753 2.493 2.428 2.261
0.00027635 -1.75000 10.11400 0.7788978219 2.4111142159    0.777  0.797  3.7439  3.459    2  0.000  0.536     0.00     0.00 -1 -3.73e-15      0.00 7.729e-01 2.269e-01 5.016e-05 1.372e-05 1.247e-04 -1.000 2.706e-04 2.778 3.931 3.661 3.498 3.168 3.286 3.039 2.850 2.607 2.679 2.416 2.351 2.182
0.00027635 -1.75000 10.11400 0.7790618539 2.4111750126    0.777  0.812  3.7430  3.441    3  0.000  0.536     0.00     0.00 -1 -4.11e-15      0.00 7.719e-01 2.278e-01 5.032e-05 1.376e-05 1.251e-04 -1.000 2.443e-04 2.741 3.898 3.627 3.464 3.132 3.251 3.002 2.813 2.570 2.641 2.378 2.312 2.143
0.00027635 -1.75000 10.11400 0.7795020938 2.4113385677    0.778  0.853  3.7408  3.391    3  0.000  0.537     0.00     0.00 -1 -5.31e-15      0.00 7.695e-01 2.302e-01 5.069e-05 1.386e-05 1.260e-04 -1.000 3.022e-04 2.637 3.805 3.531 3.366 3.031 3.151 2.900 2.709 2.464 2.536 2.270 2.204 2.033
0.00027635 -1.75000 10.11400 0.7799838185 2.4115173817    0.778  0.902  3.7386  3.333    3  0.000  0.537     0.00     0.00 -1 -7.14e-15      0.00 7.671e-01 2.326e-01 5.102e-05 1.395e-05 1.268e-04 -1.000 2.891e-04 2.514 3.694 3.416 3.250 2.912 3.032 2.779 2.587 2.340 2.413 2.144 2.077 1.904
0.00027635 -1.75000 10.11400 0.7803929448 2.4116690159    0.779  0.947  3.7369  3.282    3  0.000  0.537     0.00     0.00 -1 -9.28e-15      0.00 7.653e-01 2.344e-01 5.125e-05 1.401e-05 1.273e-04 -1.000 2.871e-04 2.402 3.591 3.310 3.142 2.802 2.924 2.669 2.476 2.228 2.301 2.031 1.963 1.788
0.00027635 -1.75000 10.11400 0.7807840705 2.4118137360    0.779  0.993  3.7353  3.230    3  0.000  0.537     0.00     0.00 -1  -1.2e-14      0.00 7.636e-01 2.361e-01 5.144e-05 1.406e-05 1.278e-04 -1.000 3.033e-04 2.288 3.485 3.202 3.033 2.691 2.813 2.557 2.362 2.113 2.187 1.915 1.846 1.671
0.00027635 -1.75000 10.11400 0.7811815143 2.4119606018    0.779  1.043  3.7337  3.174    3  0.000  0.537     0.00     0.00 -1 -1.58e-14      0.00 7.619e-01 2.378e-01 5.161e-05 1.411e-05 1.282e-04 -1.000 3.031e-04 2.163 3.369 3.083 2.913 2.569 2.692 2.434 2.239 1.989 2.062 1.788 1.720 1.543
0.00027635 -1.75000 10.11400 0.7815468907 2.4120955467    0.779  1.092  3.7322  3.118    3  0.000  0.537     0.00     0.00 -1 -2.06e-14      0.00 7.605e-01 2.393e-01 5.173e-05 1.415e-05 1.285e-04 -1.000 2.951e-04 2.039 3.253 2.965 2.794 2.448 2.571 2.312 2.116 1.865 1.939 1.663 1.594 1.416
0.00027635 -1.75000 10.11400 0.7818749547 2.4122164249    0.780  1.141  3.7308  3.064    3  0.000  0.536     0.00     0.00 -1 -2.65e-14      0.00 7.591e-01 2.406e-01 5.181e-05 1.418e-05 1.288e-04 -1.000 2.862e-04 1.918 3.139 2.850 2.678 2.330 2.454 2.193 1.996 1.744 1.818 1.541 1.471 1.292
0.00027635 -1.75000 10.11400 0.7821618319 2.4123222828    0.780  1.187  3.7294  3.013    3  0.000  0.536     0.00     0.00 -1 -3.33e-14      0.00 7.580e-01 2.417e-01 5.185e-05 1.422e-05 1.290e-04 -1.000 2.865e-04 1.804 3.032 2.740 2.568 2.218 2.342 2.080 1.882 1.630 1.704 1.425 1.355 1.175
0.00027635 -1.75000 10.11400 0.7824414372 2.4124250412    0.780  1.235  3.7279  2.959    3  0.000  0.535     0.00     0.00 -1 -4.23e-14      0.00 7.568e-01 2.428e-01 5.184e-05 1.426e-05 1.292e-04 -1.000 3.052e-04 1.682 2.919 2.624 2.451 2.099 2.224 1.960 1.762 1.508 1.583 1.303 1.232 1.050
0.00027635 -1.75000 10.11400 0.7827097178 2.4125237465    0.780  1.286  3.7264  2.901    3  0.000  0.534     0.00     0.00 -1 -5.39e-14      0.00 7.559e-01 2.438e-01 5.180e-05 1.431e-05 1.293e-04 -1.000 2.959e-04 1.554 2.799 2.502 2.328 1.974 2.100 1.834 1.635 1.380 1.455 1.173 1.102 0.919
0.00027635 -1.75000 10.11400 0.7829346657 2.4126064777    0.780  1.333  3.7249  2.849    3  0.000  0.534     0.00     0.00 -1  -6.7e-14      0.00 7.551e-01 2.446e-01 5.174e-05 1.438e-05 1.294e-04 -1.000 2.712e-04 1.437 2.691 2.391 2.215 1.860 1.986 1.719 1.519 1.264 1.339 1.055 0.983 0.799
0.00027635 -1.75000 10.11400 0.7831398845 2.4126818180    0.780  1.380  3.7234  2.796    3  0.000  0.533     0.00     0.00 -1 -8.27e-14      0.00 7.545e-01 2.452e-01 5.167e-05 1.444e-05 1.295e-04 -1.000 2.913e-04 1.321 2.582 2.281 2.104 1.746 1.873 1.605 1.404 1.147 1.223 0.938 0.865 0.680
0.00027635 -1.75000 10.11400 0.7833329439 2.4127528667    0.780  1.428  3.7219  2.742    3  0.000  0.532     0.00     0.00 -1 -1.02e-13      0.00 7.540e-01 2.457e-01 5.159e-05 1.452e-05 1.296e-04 -1.000 3.059e-04 1.201 2.471 2.167 1.989 1.629 1.757 1.487 1.285 1.028 1.103 0.816 0.744 0.557
0.00027635 -1.75000 10.11400 0.7835036516 2.4128153324    0.780  1.474  3.7203  2.690    3  0.000  0.531     0.00     0.00 -1 -1.25e-13      0.00 7.536e-01 2.461e-01 5.152e-05 1.459e-05 1.296e-04 -1.000 3.058e-04 1.085 2.364 2.057 1.878 1.517 1.645 1.373 1.170 0.912 0.988 0.699 0.626 0.438
0.00027635 -1.75000 10.11400 0.7836659551 2.4128749371    0.780  1.522  3.7187  2.635    3  0.000  0.530     0.00     0.00 -1 -1.53e-13      0.00 7.533e-01 2.464e-01 5.147e-05 1.464e-05 1.297e-04 -1.000 3.059e-04 0.964 2.254 1.944 1.763 1.399 1.528 1.255 1.051 0.792 0.868 0.577 0.503 0.314
0.00027635 -1.75000 10.11400 0.7838090658 2.4129273891    0.780  1.569  3.7171  2.582    3  0.000  0.530     0.00     0.00 -1 -1.86e-13      0.00 7.531e-01 2.465e-01 5.144e-05 1.467e-05 1.297e-04 -1.000 3.054e-04 0.847 2.147 1.834 1.652 1.286 1.416 1.141 0.936 0.676 0.752 0.460 0.385 0.194
0.00027635 -1.75000 10.11400 0.7839365005 2.4129741192    0.780  1.614  3.7154  2.530    3  0.000  0.529     0.00     0.00 -1 -2.24e-13      0.00 7.530e-01 2.467e-01 5.142e-05 1.469e-05 1.297e-04 -1.000 3.013e-04 0.734 2.044 1.728 1.545 1.177 1.307 1.031 0.825 0.563 0.640 0.345 0.270 0.078
0.00027635 -1.75000 10.11400 0.7840579152 2.4130187035    0.780  1.661  3.7137  2.476    3  0.000  0.529     0.00     0.00 -1 -2.71e-13      0.00 7.530e-01 2.467e-01 5.141e-05 1.470e-05 1.297e-04 -1.000 2.949e-04 0.616 1.937 1.618 1.434 1.063 1.194 0.915 0.708 0.446 0.522 0.226 0.151 -0.043
0.00027635 -1.75000 10.11400 0.7841677666 2.4130587578    0.780  1.708  3.7120  2.422    3  0.000  0.529     0.00     0.00 -1 -3.27e-13      0.00 7.530e-01 2.467e-01 5.141e-05 1.470e-05 1.297e-04 -1.000 2.950e-04 0.500 1.832 1.509 1.323 0.949 1.082 0.801 0.593 0.329 0.406 0.108 0.031 -0.163
0.00027635 -1.75000 10.11400 0.7842645645 2.4130942822    0.780  1.753  3.7103  2.370    3  0.000  0.529     0.00     0.00 -1 -3.89e-13      0.00 7.530e-01 2.467e-01 5.141e-05 1.470e-05 1.297e-04 -1.000 2.950e-04 0.388 1.732 1.405 1.218 0.841 0.974 0.691 0.482 0.217 0.294 -0.006 -0.083 -0.279
0.00027635 -1.75000 10.11400 0.7843534350 2.4131269455    0.780  1.797  3.7085  2.319    3  0.000  0.529     0.00     0.00 -1 -9.13e-16      0.00 7.530e-01 2.467e-01 5.141e-05 1.470e-05 1.297e-04 -1.000 2.951e-04 0.276 1.633 1.302 1.113 0.733 0.867 0.582 0.372 0.106 0.183 -0.119 -0.197 -0.395
0.00027635 -1.75000 10.11400 0.7844394445 2.4131584167    0.780  1.844  3.7067  2.264    3  0.000  0.529     0.00     0.00 -1 -6.76e-17      0.00 7.530e-01 2.467e-01 5.141e-05 1.470e-05 1.297e-04 -1.000 2.951e-04 0.159 1.529 1.194 1.004 0.620 0.756 0.468 0.256 -0.011 0.067 -0.238 -0.316 -0.515
0.00027635 -1.75000 10.11400 0.7845148444 2.4131858349    0.779  1.889  3.7049  2.212    3  0.000  0.529     0.00     0.00 -1  -8.1e-17      0.00 7.530e-01 2.467e-01 5.141e-05 1.470e-05 1.297e-04 -1.000 2.952e-04 0.048 1.431 1.092 0.900 0.513 0.649 0.360 0.146 -0.122 -0.044 -0.351 -0.430 -0.631
0.00027635 -1.75000 10.11400 0.7845840454 2.4132111073    0.779  1.933  3.7031  2.161    3  0.000  0.529     0.00     0.00 -1 -9.64e-17      0.00 7.530e-01 2.467e-01 5.141e-05 1.471e-05 1.297e-04 -1.000 2.952e-04 -0.063 1.334 0.991 0.797 0.407 0.544 0.252 0.037 -0.232 -0.154 -0.464 -0.543 -0.745
0.00027635 -1.75000 10.11400 0.7846496701 2.4132351875    0.779  1.979  3.7012  2.108    3  0.000  0.529     0.00     0.00 -1 -1.15e-16      0.00 7.530e-01 2.467e-01 5.141e-05 1.471e-05 1.297e-04 -1.000 2.953e-04 -0.177 1.235 0.887 0.691 0.297 0.436 0.142 -0.075 -0.345 -0.267 -0.579 -0.659 -0.863
0.00027635 -1.75000 10.11400 0.7847074270 2.4132564068    0.779  2.021  3.6993  2.057    3  0.000  0.529     0.00     0.00 -1 -1.35e-16      0.00 7.530e-01 2.467e-01 5.141e-05 1.471e-05 1.297e-04 -1.000 2.953e-04 -0.283 1.144 0.791 0.594 0.196 0.336 0.039 -0.179 -0.450 -0.372 -0.686 -0.767 -0.973
0.00027635 -1.75000 10.11400 0.7847630382 2.4132766724    0.779  2.064  3.6975  2.007    3  0.000  0.529     0.00     0.00 -1 -1.58e-16      0.00 7.530e-01 2.467e-01 5.141e-05 1.471e-05 1.297e-04 -1.000 2.954e-04 -0.390 1.052 0.696 0.496 0.095 0.236 -0.064 -0.283 -0.556 -0.477 -0.794 -0.875 -1.082
0.00027635 -1.75000 10.11400 0.7848207951 2.4132976532    0.778  2.106  3.6958  1.958    3  0.000  0.529     0.00     0.00 -1 -1.85e-16      0.00 7.530e-01 2.467e-01 5.141e-05 1.471e-05 1.297e-04 -1.000 2.954e-04 -0.494 0.964 0.602 0.401 -0.005 0.138 -0.165 -0.385 -0.659 -0.580 -0.899 -0.981 -1.190
0.00027635 -1.75000 10.11400 0.7848724127 2.4133167267    0.778  2.131  3.6947  1.929    3  0.000  0.529     0.00     0.00 -1 -2.07e-16      0.00 7.530e-01 2.467e-01 5.141e-05 1.471e-05 1.297e-04 -1.000 2.954e-04 -0.557 0.911 0.546 0.344 -0.064 0.079 -0.225 -0.446 -0.720 -0.642 -0.962 -1.045 -1.255
0.00027635 -1.75000 10.11400 0.7849063277 2.4133291245    0.778  2.121  3.6954  1.941    3  0.000  0.529     0.00     0.00 -1 -2.08e-16      0.00 7.530e-01 2.467e-01 5.141e-05 1.471e-05 1.297e-04 -1.000 2.954e-04 -0.533 0.928 0.566 0.364 -0.042 0.100 -0.202 -0.423 -0.697 -0.618 -0.938 -1.020 -1.229
0.00027635 -1.75000 10.11400 0.7849139571 2.4133317471    0.778  2.129  3.6951  1.932    3  0.000  0.529     0.00     0.00 -1 -2.14e-16      0.00 7.530e-01 2.467e-01 5.141e-05 1.471e-05 1.297e-04 -1.000 2.954e-04 -0.552 0.913 0.549 0.347 -0.060 0.083 -0.221 -0.442 -0.716 -0.637 -0.957 -1.039 -1.249
0.00027635 -1.75000 10.11400 0.7849532962 2.4133460522    0.777  2.171  3.6931  1.882    3  0.000  0.529     0.00     0.00 -1 -2.46e-16      0.00 7.530e-01 2.467e-01 5.141e-05 1.471e-05 1.297e-04 -1.000 2.955e-04 -0.658 0.824 0.455 0.251 -0.161 -0.017 -0.323 -0.545 -0.821 -0.742 -1.065 -1.148 -1.359
0.00027635 -1.75000 10.11400 0.7849895954 2.4133594036    0.777  2.213  3.6912  1.832    3  0.000  0.529     0.00     0.00 -1 -2.83e-16      0.00 7.530e-01 2.468e-01 5.141e-05 1.471e-05 1.297e-04 -1.000 2.955e-04 -0.762 0.738 0.363 0.157 -0.259 -0.113 -0.422 -0.647 -0.923 -0.844 -1.170 -1.254 -1.467
0.00027635 -1.75000 10.11400 0.7850245237 2.4133722782    0.776  2.256  3.6892  1.781    3  0.000  0.529     0.00     0.00 -1 -3.27e-16      0.00 7.529e-01 2.468e-01 5.141e-05 1.471e-05 1.297e-04 -1.000 2.955e-04 -0.869 0.651 0.270 0.061 -0.359 -0.212 -0.524 -0.751 -1.028 -0.949 -1.278 -1.362 -1.577
0.00027635 -1.75000 10.11400 0.7850539684 2.4133830070    0.776  2.294  3.6873  1.735    3  0.000  0.529     0.00     0.00 -1 -3.72e-16      0.00 7.529e-01 2.468e-01 5.141e-05 1.471e-05 1.297e-04 -1.000 2.955e-04 -0.966 0.573 0.186 -0.024 -0.449 -0.301 -0.616 -0.844 -1.123 -1.043 -1.375 -1.460 -1.677
0.00027635 -1.75000 10.11400 0.7850823402 2.4133932590    0.776  2.334  3.6853  1.687    3  0.000  0.529     0.00     0.00 -1 -4.24e-16      0.00 7.529e-01 2.468e-01 5.141e-05 1.471e-05 1.297e-04 -1.000 2.956e-04 -1.066 0.499 0.101 -0.113 -0.545 -0.395 -0.713 -0.943 -1.224 -1.144 -1.477 -1.563 -1.782
0.00027635 -1.75000 10.11400 0.7851076126 2.4134025574    0.775  2.372  3.6834  1.641    3  0.000  0.529     0.00     0.00 -1  -4.8e-16      0.00 7.529e-01 2.468e-01 5.141e-05 1.471e-05 1.297e-04 -1.000 2.956e-04 -1.161 0.435 0.023 -0.197 -0.637 -0.484 -0.807 -1.039 -1.322 -1.241 -1.577 -1.663 -1.883
0.00027635 -1.75000 10.11400 0.7851312757 2.4134111404    0.775  2.410  3.6815  1.595    3  0.000  0.529     0.00     0.00 -1 -5.42e-16      0.00 7.529e-01 2.468e-01 5.141e-05 1.471e-05 1.297e-04 -1.000 2.956e-04 -1.256 0.370 -0.054 -0.279 -0.728 -0.572 -0.899 -1.134 -1.419 -1.337 -1.675 -1.762 -1.984
0.00027635 -1.75000 10.11400 0.7851533890 2.4134192467    0.774  2.448  3.6795  1.548    3  0.000  0.529     0.00     0.00 -1 -6.12e-16      0.00 7.529e-01 2.468e-01 5.141e-05 1.471e-05 1.297e-04 -1.000 2.957e-04 -1.351 0.307 -0.130 -0.360 -0.818 -0.658 -0.991 -1.229 -1.515 -1.433 -1.774 -1.861 -2.084
0.00027635 -1.75000 10.11400 0.7851778269 2.4134280682    0.773  2.494  3.6771  1.493    3  0.000  0.529     0.00     0.00 -1 -7.05e-16      0.00 7.529e-01 2.468e-01 5.141e-05 1.471e-05 1.297e-04 -1.000 2.956e-04 -1.465 0.212 -0.227 -0.456 -0.917 -0.757 -1.092 -1.332 -1.619 -1.537 -1.883 -1.972 -2.197
0.00027635 -1.75000 10.11400 0.7851963043 2.4134349823    0.773  2.531  3.6752  1.448    3  0.000  0.529     0.00     0.00 -1  -7.9e-16      0.00 7.529e-01 2.468e-01 5.141e-05 1.471e-05 1.297e-04 -1.000 2.957e-04 -1.556 0.154 -0.297 -0.532 -1.001 -0.838 -1.178 -1.420 -1.709 -1.627 -1.976 -2.066 -2.294
0.00027635 -1.75000 10.11400 0.7852167487 2.4134423733    0.772  2.574  3.6728  1.395    3  0.000  0.529     0.00     0.00 -1 -9.03e-16      0.00 7.529e-01 2.468e-01 5.141e-05 1.471e-05 1.297e-04 -1.000 2.957e-04 -1.665 0.089 -0.379 -0.619 -1.099 -0.933 -1.280 -1.525 -1.817 -1.734 -2.087 -2.178 -2.408
0.00027635 -1.75000 10.11400 0.7852357030 2.4134492874    0.771  2.617  3.6704  1.342    3  0.000  0.529     0.00     0.00 -1 -1.03e-15      0.00 7.529e-01 2.468e-01 5.141e-05 1.471e-05 1.297e-04 -1.000 2.957e-04 -1.773 0.028 -0.458 -0.704 -1.197 -1.026 -1.381 -1.630 -1.924 -1.841 -2.198 -2.290 -2.522
0.00027635 -1.75000 10.11400 0.7852537632 2.4134559631    0.770  2.662  3.6679  1.287    3  0.000  0.529     0.00     0.00 -1 -1.18e-15      0.00 7.529e-01 2.468e-01 5.141e-05 1.471e-05 1.297e-04 -1.000 2.957e-04 -1.885 -0.031 -0.536 -0.789 -1.295 -1.120 -1.483 -1.736 -2.033 -1.950 -2.311 -2.404 -2.639
0.00027635 -1.75000 10.11400 0.7852687836 2.4134614468    0.769  2.702  3.6656  1.237    3  0.000  0.529     0.00     0.00 -1 -1.33e-15      0.00 7.529e-01 2.468e-01 5.141e-05 1.471e-05 1.297e-04 -1.000 2.957e-04 -1.984 -0.078 -0.603 -0.862 -1.381 -1.202 -1.573 -1.830 -2.129 -2.046 -2.412 -2.506 -2.744
0.00027635 -1.75000 10.11400 0.7852837443 2.4134669304    0.768  2.744  3.6631  1.184    3  0.000  0.529     0.00     0.00 -1 -1.51e-15      0.00 7.529e-01 2.468e-01 5.141e-05 1.471e-05 1.297e-04 -1.000 2.957e-04 -2.090 -0.127 -0.673 -0.939 -1.474 -1.289 -1.669 -1.931 -2.233 -2.149 -2.520 -2.615 -2.855
0.00027635 -1.75000 10.11400 0.7852969170 2.4134716988    0.767  2.784  3.6607  1.134    3  0.000  0.529     0.00     0.00 -1 -1.71e-15      0.00 7.529e-01 2.468e-01 5.141e-05 1.471e-05 1.297e-04 -1.000 2.957e-04 -2.190 -0.166 -0.734 -1.008 -1.558 -1.369 -1.758 -2.025 -2.330 -2.246 -2.622 -2.718 -2.961
0.00027635 -1.75000 10.11400 0.7853091359 2.4134759903    0.766  2.824  3.6583  1.084    3  0.000  0.529     0.00     0.00 -1 -1.92e-15      0.00 7.529e-01 2.468e-01 5.141e-05 1.471e-05 1.297e-04 -1.000 2.957e-04 -2.290 -0.200 -0.793 -1.073 -1.640 -1.446 -1.845 -2.117 -2.425 -2.340 -2.722 -2.819 -3.065
0.00027635 -1.75000 10.11400 0.7853205800 2.4134802818    0.765  2.864  3.6559  1.033    3  0.000  0.529     0.00     0.00 -1 -2.16e-15      0.00 7.529e-01 2.468e-01 5.141e-05 1.471e-05 1.297e-04 -1.000 2.957e-04 -2.389 -0.245 -0.855 -1.140 -1.721 -1.523 -1.930 -2.206 -2.516 -2.432 -2.819 -2.917 -3.166
0.00027635 -1.75000 10.11400 0.7853306532 2.4134838581    0.763  2.901  3.6536  0.986    3  0.000  0.529     0.00     0.00 -1 -2.41e-15      0.00 7.529e-01 2.468e-01 5.141e-05 1.471e-05 1.297e-04 -1.000 2.958e-04 -2.482 -0.288 -0.913 -1.202 -1.796 -1.594 -2.009 -2.289 -2.601 -2.517 -2.909 -3.009 -3.261
0.00027635 -1.75000 10.11400 0.7853404880 2.4134874344    0.762  2.940  3.6512  0.937    3  0.000  0.529     0.00     0.00 -1  -2.7e-15      0.00 7.529e-01 2.468e-01 5.141e-05 1.471e-05 1.297e-04 -1.000 2.958e-04 -2.579 -0.326 -0.970 -1.263 -1.871 -1.665 -2.090 -2.374 -2.689 -2.605 -3.004 -3.105 -3.360
0.00027635 -1.75000 10.11400 0.7853491306 2.4134907722    0.760  2.976  3.6489  0.891    3  0.000  0.529     0.00     0.00 -1    -3e-15      0.00 7.529e-01 2.468e-01 5.141e-05 1.471e-05 1.297e-04 -1.000 2.957e-04 -2.669 -0.359 -1.021 -1.317 -1.940 -1.730 -2.164 -2.452 -2.770 -2.686 -3.091 -3.194 -3.452
0.00027635 -1.75000 10.11400 0.7853571773 2.4134936333    0.759  3.011  3.6466  0.845    3  0.000  0.529     0.00     0.00 -1 -3.33e-15      0.00 7.529e-01 2.468e-01 5.141e-05 1.471e-05 1.297e-04 -1.000 2.957e-04 -2.758 -0.391 -1.070 -1.370 -2.007 -1.793 -2.236 -2.528 -2.849 -2.765 -3.176 -3.280 -3.542
0.00027635 -1.75000 10.11400 0.7853651643 2.4134964943    0.757  3.049  3.6442  0.797    3  0.000  0.529     0.00     0.00 -1 -3.71e-15      0.00 7.529e-01 2.468e-01 5.141e-05 1.471e-05 1.297e-04 -1.000 2.957e-04 -2.851 -0.423 -1.121 -1.424 -2.077 -1.859 -2.311 -2.608 -2.932 -2.847 -3.265 -3.371 -3.636
0.00027635 -1.75000 10.11400 0.7853718996 2.4134991169    0.755  3.082  3.6419  0.754    3  0.000  0.529     0.00     0.00 -1 -4.09e-15      0.00 7.529e-01 2.468e-01 5.141e-05 1.472e-05 1.297e-04 -1.000 2.958e-04 -2.934 -0.450 -1.165 -1.471 -2.138 -1.916 -2.378 -2.678 -3.005 -2.920 -3.344 -3.451 -3.720
0.00027635 -1.75000 10.11400 0.7853788137 2.4135015011    0.753  3.118  3.6396  0.707    3  0.000  0.529     0.00     0.00 -1 -4.53e-15      0.00 7.529e-01 2.468e-01 5.141e-05 1.472e-05 1.297e-04 -1.000 2.958e-04 -3.024 -0.481 -1.213 -1.523 -2.205 -1.979 -2.450 -2.755 -3.084 -2.999 -3.430 -3.538 -3.810
0.00027635 -1.75000 10.11400 0.7853850126 2.4135038853    0.750  3.152  3.6373  0.663    3  0.000  0.529     0.00     0.00 -1 -5.01e-15      0.00 7.529e-01 2.468e-01 5.141e-05 1.472e-05 1.297e-04 -1.000 2.958e-04 -3.109 -0.504 -1.254 -1.567 -2.265 -2.034 -2.516 -2.825 -3.157 -3.072 -3.510 -3.620 -3.895
0.00027635 -1.75000 10.11400 0.7853908539 2.4135060310    0.748  3.185  3.6351  0.619    3  0.000  0.529     0.00     0.00 -1 -5.52e-15      0.00 7.529e-01 2.468e-01 5.141e-05 1.472e-05 1.297e-04 -1.000 2.958e-04 -3.193 -0.526 -1.295 -1.610 -2.323 -2.089 -2.581 -2.894 -3.228 -3.144 -3.588 -3.700 -3.978
0.00027635 -1.75000 10.11400 0.7853965163 2.4135079384    0.745  3.219  3.6328  0.575    3  0.000  0.529     0.00     0.00 -1 -6.09e-15      0.00 7.529e-01 2.468e-01 5.141e-05 1.472e-05 1.297e-04 -1.000 2.958e-04 -3.278 -0.549 -1.335 -1.653 -2.383 -2.144 -2.646 -2.963 -3.301 -3.216 -3.667 -3.780 -4.063
0.00027635 -1.75000 10.11400 0.7854016423 2.4135098457    0.743  3.251  3.6307  0.533    3  0.000  0.529     0.00     0.00 -1 -6.68e-15      0.00 7.529e-01 2.468e-01 5.141e-05 1.472e-05 1.297e-04 -1.000 2.958e-04 -3.357 -0.568 -1.372 -1.692 -2.437 -2.195 -2.706 -3.027 -3.368 -3.283 -3.741 -3.856 -4.141
0.00027635 -1.75000 10.11400 0.7854073644 2.4135119915    0.739  3.285  3.6285  0.488    3  0.000  0.529     0.00     0.00 -1 -7.41e-15      0.00 7.529e-01 2.468e-01 5.141e-05 1.472e-05 1.297e-04 -1.000 2.958e-04 -3.443 -0.586 -1.409 -1.731 -2.493 -2.247 -2.770 -3.095 -3.439 -3.354 -3.820 -3.936 -4.225
0.00027635 -1.75000 10.11400 0.7854073644 2.4135119915    0.720  1.678  3.8647  3.028    4  0.000  0.529     0.00     0.00 -1    -1e-30      0.00 7.498e-01 2.499e-01 5.217e-05 1.507e-05 1.319e-04 -1.000 3.058e-04 0.574 1.139 1.033 0.956 0.809 0.865 0.761 0.669 0.562 0.595 0.464 0.428 0.334
0.00027635 -1.75000 10.11400 0.7854106426 2.4135131836    0.721  1.693  3.8587  2.990    4  0.000  0.529     0.00     0.00 -1    -1e-30      0.00 7.498e-01 2.499e-01 5.217e-05 1.507e-05 1.319e-04 -1.000 3.058e-04 0.539 1.123 1.010 0.930 0.775 0.834 0.723 0.627 0.512 0.547 0.410 0.374 0.277
0.00027635 -1.75000 10.11400 0.7854651213 2.4135329723    0.721  1.699  3.8558  2.971    4  0.000  0.529     0.00     0.00 -1    -1e-30      0.00 7.498e-01 2.499e-01 5.217e-05 1.507e-05 1.319e-04 -1.000 3.059e-04 0.522 1.115 1.000 0.918 0.759 0.820 0.706 0.607 0.488 0.525 0.385 0.348 0.250
0.00027635 -1.75000 10.11400 0.7855201960 2.4135529995    0.721  1.700  3.8566  2.975    4  0.000  0.529     0.00     0.00 -1    -1e-30      0.00 7.498e-01 2.499e-01 5.217e-05 1.507e-05 1.319e-04 -1.000 3.058e-04 0.521 1.111 0.997 0.916 0.758 0.818 0.705 0.607 0.489 0.526 0.387 0.350 0.252
0.00027635 -1.75000 10.11400 0.7855764627 2.4135737419    0.721  1.700  3.8577  2.979    4  0.000  0.529     0.00     0.00 -1    -1e-30      0.00 7.498e-01 2.499e-01 5.217e-05 1.507e-05 1.319e-04 -1.000 3.058e-04 0.521 1.107 0.994 0.914 0.757 0.817 0.705 0.608 0.492 0.528 0.390 0.353 0.256
0.00027635 -1.75000 10.11400 0.7856322527 2.4135940075    0.721  1.699  3.8590  2.985    4  0.000  0.529     0.00     0.00 -1    -1e-30      0.00 7.498e-01 2.499e-01 5.217e-05 1.507e-05 1.319e-04 -1.000 3.058e-04 0.522 1.103 0.992 0.912 0.757 0.816 0.706 0.610 0.495 0.531 0.394 0.357 0.261
0.00027635 -1.75000 10.11400 0.7856847048 2.4136130810    0.721  1.699  3.8604  2.990    4  0.000  0.529     0.00     0.00 -1    -1e-30      0.00 7.498e-01 2.499e-01 5.217e-05 1.507e-05 1.319e-04 -1.000 3.058e-04 0.523 1.100 0.989 0.910 0.757 0.816 0.707 0.612 0.499 0.534 0.399 0.362 0.266
0.00027635 -1.75000 10.11400 0.7857362628 2.4136319160    0.721  1.699  3.8618  2.996    4  0.000  0.529     0.00     0.00 -1    -1e-30      0.00 7.498e-01 2.499e-01 5.217e-05 1.507e-05 1.319e-04 -1.000 3.058e-04 0.524 1.096 0.987 0.909 0.758 0.816 0.708 0.615 0.504 0.538 0.404 0.368 0.272
0.00027635 -1.75000 10.11400 0.7857884765 2.4136509895    0.721  1.698  3.8632  3.003    4  0.000  0.529     0.00     0.00 -1    -1e-30      0.00 7.498e-01 2.499e-01 5.217e-05 1.507e-05 1.319e-04 -1.000 3.058e-04 0.525 1.093 0.985 0.908 0.759 0.816 0.710 0.618 0.508 0.542 0.410 0.374 0.279
0.00027635 -1.75000 10.11400 0.7858430147 2.4136707783    0.721  1.698  3.8647  3.009    4  0.000  0.529     0.00     0.00 -1    -1e-30      0.00 7.498e-01 2.499e-01 5.217e-05 1.507e-05 1.319e-04 -1.000 3.059e-04 0.526 1.089 0.983 0.907 0.760 0.816 0.712 0.620 0.513 0.547 0.416 0.380 0.285
0.00027635 -1.75000 10.11400 0.7858968377 2.4136903286    0.721  1.697  3.8658  3.014    4  0.000  0.529     0.00     0.00 -1    -1e-30      0.00 7.498e-01 2.499e-01 5.217e-05 1.507e-05 1.319e-04 -1.000 3.058e-04 0.526 1.086 0.981 0.905 0.760 0.815 0.712 0.622 0.516 0.549 0.419 0.384 0.290
0.00027635 -1.75000 10.11400 0.7859522104 2.4137105942    0.721  1.697  3.8666  3.017    4  0.000  0.529     0.00     0.00 -1    -1e-30      0.00 7.498e-01 2.499e-01 5.217e-05 1.507e-05 1.319e-04 -1.000 3.058e-04 0.526 1.083 0.979 0.904 0.759 0.815 0.713 0.623 0.518 0.551 0.422 0.386 0.292
0.00027635 -1.75000 10.11400 0.7860071063 2.4137306213    0.721  1.698  3.8669  3.018    4  0.000  0.529     0.00     0.00 -1    -1e-30      0.00 7.498e-01 2.499e-01 5.217e-05 1.507e-05 1.319e-04 -1.000 3.058e-04 0.526 1.081 0.977 0.903 0.759 0.814 0.712 0.623 0.519 0.551 0.422 0.387 0.293
0.00027635 -1.75000 10.11400 0.7860614061 2.4137504101    0.721  1.698  3.8667  3.017    4  0.000  0.529     0.00     0.00 -1    -1e-30      0.00 7.498e-01 2.499e-01 5.217e-05 1.507e-05 1.319e-04 -1.000 3.058e-04 0.524 1.081 0.976 0.902 0.758 0.813 0.711 0.621 0.517 0.550 0.420 0.385 0.291
0.00027635 -1.75000 10.11400 0.7861139774 2.4137694836    0.721  1.699  3.8658  3.012    4  0.000  0.529     0.00     0.00 -1    -1e-30      0.00 7.498e-01 2.499e-01 5.217e-05 1.507e-05 1.319e-04 -1.000 3.058e-04 0.522 1.082 0.976 0.901 0.756 0.811 0.708 0.618 0.512 0.545 0.415 0.379 0.285
0.00027635 -1.75000 10.11400 0.7861368656 2.4137778282    0.721  1.699  3.8654  3.010    4  0.000  0.529     0.00     0.00 -1    -1e-30      0.00 7.498e-01 2.499e-01 5.217e-05 1.507e-05 1.319e-04 -1.000 3.058e-04 0.521 1.082 0.976 0.901 0.755 0.811 0.707 0.617 0.510 0.544 0.413 0.377 0.283
0.00027635 -1.75000 10.11400 0.7861660123 2.4137883186    0.721  1.700  3.8644  3.005    4  0.000  0.529     0.00     0.00 -1    -1e-30      0.00 7.498e-01 2.499e-01 5.217e-05 1.507e-05 1.319e-04 -1.000 3.058e-04 0.519 1.083 0.977 0.900 0.753 0.809 0.705 0.613 0.506 0.539 0.408 0.372 0.277
0.00027635 -1.75000 10.11400 0.7862176895 2.4138071537    0.721  1.702  3.8622  2.995    4  0.000  0.529     0.00     0.00 -1    -1e-30      0.00 7.498e-01 2.499e-01 5.217e-05 1.507e-05 1.319e-04 -1.000 3.058e-04 0.515 1.086 0.977 0.900 0.750 0.807 0.700 0.607 0.497 0.531 0.398 0.361 0.266
0.00027635 -1.75000 10.11400 0.7862703204 2.4138264656    0.721  1.704  3.8594  2.982    4  0.000  0.529     0.00     0.00 -1    -1e-30      0.00 7.498e-01 2.499e-01 5.217e-05 1.507e-05 1.319e-04 -1.000 3.058e-04 0.511 1.091 0.979 0.900 0.746 0.804 0.695 0.599 0.485 0.520 0.384 0.347 0.251
0.00027635 -1.75000 10.11400 0.7863249183 2.4138462543    0.722  1.706  3.8557  2.965    4  0.000  0.529     0.00     0.00 -1    -1e-30      0.00 7.498e-01 2.499e-01 5.217e-05 1.507e-05 1.319e-04 -1.000 3.057e-04 0.504 1.097 0.982 0.901 0.742 0.802 0.688 0.590 0.471 0.508 0.368 0.331 0.232
0.00027635 -1.75000 10.11400 0.7863813043 2.4138667583    0.722  1.709  3.8512  2.944    4  0.000  0.529     0.00     0.00 -1    -1e-30      0.00 7.498e-01 2.499e-01 5.217e-05 1.507e-05 1.319e-04 -1.000 3.059e-04 0.497 1.105 0.986 0.902 0.737 0.799 0.681 0.579 0.453 0.492 0.348 0.310 0.209
0.00027635 -1.75000 10.11400 0.7863990664 2.4138731956    0.722  1.710  3.8496  2.936    4  0.000  0.529     0.00     0.00 -1    -1e-30      0.00 7.498e-01 2.499e-01 5.217e-05 1.507e-05 1.319e-04 -1.000 3.058e-04 0.494 1.108 0.988 0.903 0.735 0.798 0.678 0.575 0.447 0.487 0.341 0.302 0.201
0.00027635 -1.75000 10.11400 0.7864111662 2.4138777256    0.722  1.711  3.8484  2.931    4  0.000  0.529     0.00     0.00 -1    -1e-30      0.00 7.498e-01 2.499e-01 5.217e-05 1.507e-05 1.319e-04 -1.000 3.059e-04 0.492 1.111 0.989 0.903 0.734 0.798 0.676 0.572 0.443 0.483 0.336 0.297 0.195
0.00027635 -1.75000 10.11400 0.7864584923 2.4138948917    0.722  1.715  3.8433  2.907    4  0.000  0.529     0.00     0.00 -1    -1e-30      0.00 7.498e-01 2.499e-01 5.217e-05 1.507e-05 1.319e-04 -1.000 3.058e-04 0.484 1.121 0.994 0.905 0.729 0.795 0.668 0.560 0.424 0.466 0.314 0.274 0.170
0.00027635 -1.75000 10.11400 0.7865058184 2.4139120579    0.722  1.718  3.8376  2.880    4  0.000  0.529     0.00     0.00 -1    -1e-30      0.00 7.498e-01 2.499e-01 5.217e-05 1.507e-05 1.319e-04 -1.000 3.058e-04 0.474 1.133 1.000 0.908 0.724 0.793 0.659 0.546 0.403 0.447 0.290 0.249 0.142
0.00027635 -1.75000 10.11400 0.7865102887 2.4139137268    0.722  1.719  3.8370  2.878    4  0.000  0.529     0.00     0.00 -1    -1e-30      0.00 7.498e-01 2.499e-01 5.217e-05 1.507e-05 1.319e-04 -1.000 3.058e-04 0.473 1.134 1.001 0.908 0.724 0.793 0.659 0.545 0.401 0.445 0.288 0.246 0.139
0.00027635 -1.75000 10.11400 0.7865184546 2.4139165878    0.722  1.719  3.8360  2.873    4  0.000  0.529     0.00     0.00 -1    -1e-30      0.00 7.498e-01 2.499e-01 5.217e-05 1.507e-05 1.319e-04 -1.000 3.058e-04 0.471 1.136 1.002 0.909 0.723 0.792 0.657 0.543 0.397 0.442 0.283 0.242 0.134
0.00027635 -1.75000 10.11400 0.7865669131 2.4139342308    0.722  1.724  3.8298  2.844    4  0.000  0.529     0.00     0.00 -1    -1e-30      0.00 7.498e-01 2.499e-01 5.217e-05 1.507e-05 1.319e-04 -1.000 3.058e-04 0.461 1.149 1.008 0.912 0.717 0.789 0.647 0.528 0.375 0.422 0.257 0.214 0.103
0.00027635 -1.75000 10.11400 0.7866141796 2.4139513969    0.722  1.728  3.8236  2.815    4  0.000  0.529     0.00     0.00 -1    -1e-30      0.00 7.498e-01 2.499e-01 5.217e-05 1.507e-05 1.319e-04 -1.000 3.058e-04 0.449 1.162 1.015 0.915 0.712 0.787 0.638 0.514 0.353 0.403 0.232 0.188 0.073
0.00027635 -1.75000 10.11400 0.7866647243 2.4139697552    0.722  1.733  3.8167  2.782    4  0.000  0.529     0.00     0.00 -1    -1e-30      0.00 7.498e-01 2.499e-01 5.217e-05 1.507e-05 1.319e-04 -1.000 3.058e-04 0.436 1.177 1.023 0.919 0.706 0.784 0.628 0.499 0.329 0.381 0.203 0.158 0.039
0.00027635 -1.75000 10.11400 0.7867127657 2.4139873981    0.722  1.739  3.8099  2.749    4  0.000  0.529     0.00     0.00 -1    -1e-30      0.00 7.498e-01 2.499e-01 5.217e-05 1.507e-05 1.319e-04 -1.000 3.059e-04 0.423 1.194 1.031 0.923 0.700 0.782 0.618 0.483 0.305 0.360 0.175 0.128 0.005
0.00027635 -1.75000 10.11400 0.7867588401 2.4140040874    0.722  1.744  3.8038  2.720    4  0.000  0.529     0.00     0.00 -1    -1e-30      0.00 7.498e-01 2.499e-01 5.217e-05 1.507e-05 1.319e-04 -1.000 3.058e-04 0.410 1.210 1.039 0.927 0.695 0.780 0.609 0.469 0.284 0.341 0.150 0.101 -0.025
0.00027635 -1.75000 10.11400 0.7868064046 2.4140212536    0.722  1.750  3.7971  2.687    4  0.000  0.529     0.00     0.00 -1    -1e-30      0.00 7.498e-01 2.499e-01 5.217e-05 1.507e-05 1.319e-04 -1.000 3.058e-04 0.395 1.227 1.048 0.931 0.690 0.778 0.599 0.454 0.260 0.320 0.122 0.072 -0.059
0.00027635 -1.75000 10.11400 0.7868530750 2.4140381813    0.722  1.756  3.7909  2.656    4  0.000  0.529     0.00     0.00 -1    -1e-30      0.00 7.498e-01 2.499e-01 5.217e-05 1.507e-05 1.319e-04 -1.000 3.058e-04 0.380 1.243 1.056 0.935 0.684 0.775 0.588 0.438 0.238 0.300 0.096 0.044 -0.091
0.00027635 -1.75000 10.11400 0.7869002223 2.4140553474    0.722  1.762  3.7852  2.628    4  0.000  0.529     0.00     0.00 -1    -1e-30      0.00 7.498e-01 2.499e-01 5.217e-05 1.507e-05 1.319e-04 -1.000 3.058e-04 0.365 1.256 1.062 0.937 0.677 0.771 0.578 0.424 0.217 0.281 0.071 0.017 -0.121
0.00027635 -1.75000 10.11400 0.7869474888 2.4140725136    0.722  1.768  3.7799  2.600    4  0.000  0.529     0.00     0.00 -1    -1e-30      0.00 7.498e-01 2.499e-01 5.217e-05 1.507e-05 1.319e-04 -1.000 3.058e-04 0.349 1.267 1.065 0.937 0.669 0.766 0.567 0.408 0.196 0.261 0.045 -0.010 -0.152
0.00027635 -1.75000 10.11400 0.7869949937 2.4140899181    0.722  1.777  3.7744  2.569    4  0.000  0.529     0.00     0.00 -1    -1e-30      0.00 7.498e-01 2.499e-01 5.217e-05 1.507e-05 1.319e-04 -1.000 3.058e-04 0.328 1.275 1.065 0.933 0.657 0.756 0.551 0.388 0.172 0.238 0.016 -0.041 -0.187
0.00027635 -1.75000 10.11400 0.7870044708 2.4140932560    0.722  1.777  3.7737  2.566    4  0.000  0.529     0.00     0.00 -1    -1e-30      0.00 7.498e-01 2.499e-01 5.217e-05 1.507e-05 1.319e-04 -1.000 3.058e-04 0.326 1.277 1.066 0.933 0.656 0.756 0.550 0.387 0.170 0.236 0.013 -0.044 -0.191
0.00027635 -1.75000 10.11400 0.7870532870 2.4141108990    0.722  1.788  3.7680  2.532    4  0.000  0.529     0.00     0.00 -1    -1e-30      0.00 7.498e-01 2.499e-01 5.217e-05 1.507e-05 1.319e-04 -1.000 3.059e-04 0.299 1.280 1.061 0.924 0.639 0.741 0.528 0.361 0.140 0.207 -0.023 -0.082 -0.232
0.00027635 -1.75000 10.11400 0.7871012688 2.4141285419    0.722  1.804  3.7620  2.493    4  0.000  0.529     0.00     0.00 -1    -1e-30      0.00 7.498e-01 2.499e-01 5.217e-05 1.507e-05 1.319e-04 -1.000 3.059e-04 0.261 1.274 1.046 0.904 0.610 0.716 0.496 0.324 0.098 0.166 -0.071 -0.131 -0.286
0.00027635 -1.75000 10.11400 0.7871416807 2.4141430855    0.722  1.833  3.7538  2.431    4  0.000  0.529     0.00     0.00 -1    -1e-30      0.00 7.498e-01 2.499e-01 5.217e-05 1.507e-05 1.319e-04 -1.000 3.058e-04 0.188 1.247 1.006 0.858 0.551 0.661 0.432 0.254 0.021 0.091 -0.156 -0.219 -0.380
0.00027635 -1.75000 10.11400 0.7871636152 2.4141509533    0.722  1.869  3.7455  2.362    4  0.000  0.529     0.00     0.00 -1    -1e-30      0.00 7.498e-01 2.499e-01 5.217e-05 1.507e-05 1.319e-04 -1.000 3.058e-04 0.098 1.204 0.949 0.795 0.475 0.589 0.350 0.167 -0.073 -0.002 -0.258 -0.323 -0.491
0.00027635 -1.75000 10.11400 0.7871734500 2.4141545296    0.722  1.907  3.7378  2.293    4  0.000  0.529     0.00     0.00 -1    -1e-30      0.00 7.498e-01 2.499e-01 5.217e-05 1.507e-05 1.319e-04 -1.000 3.058e-04 0.001 1.152 0.884 0.724 0.392 0.510 0.262 0.073 -0.172 -0.099 -0.365 -0.432 -0.606
0.00027635 -1.75000 10.11400 0.7871779203 2.4141561985    0.722  1.947  3.7311  2.226    4  0.000  0.529     0.00     0.00 -1    -1e-30      0.00 7.498e-01 2.499e-01 5.217e-05 1.507e-05 1.319e-04 -1.000 3.059e-04 -0.098 1.093 0.813 0.647 0.305 0.426 0.170 -0.024 -0.274 -0.200 -0.473 -0.543 -0.722
0.00027635 -1.75000 10.11400 0.7871800065 2.4141569138    0.722  1.986  3.7259  2.167    4  0.000  0.529     0.00     0.00 -1    -1e-30      0.00 7.498e-01 2.499e-01 5.217e-05 1.507e-05 1.319e-04 -1.000 3.058e-04 -0.194 1.031 0.740 0.569 0.219 0.343 0.081 -0.117 -0.371 -0.296 -0.575 -0.647 -0.830
0.00027635 -1.75000 10.11400 0.7871808410 2.4141573906    0.722  2.010  3.7230  2.131    7  0.000  0.529     0.00     0.00 -1    -1e-30      0.00 7.498e-01 2.499e-01 5.217e-05 1.507e-05 1.319e-04 -1.000 3.058e-04 -0.255 0.990 0.693 0.519 0.164 0.290 0.024 -0.176 -0.431 -0.356 -0.639 -0.712 -0.897
0.00027635 -1.75000 10.11400 0.7871817946 2.4141576290    0.722  2.050  3.7190  2.074    7  0.000  0.529     0.00     0.00 -1    -1e-30      0.00 7.498e-01 2.499e-01 5.217e-05 1.507e-05 1.319e-04 -1.000 3.058e-04 -0.356 0.915 0.610 0.433 0.071 0.199 -0.072 -0.275 -0.533 -0.457 -0.745 -0.819 -1.007
0.00027635 -1.75000 10.11400 0.7871827483 2.4141581059    0.722  2.089  3.7157  2.023    7  0.000  0.529     0.00     0.00 -1    -1e-30      0.00 7.498e-01 2.499e-01 5.217e-05 1.507e-05 1.319e-04 -1.000 3.058e-04 -0.452 0.844 0.531 0.351 -0.018 0.112 -0.163 -0.368 -0.628 -0.552 -0.844 -0.919 -1.111
0.00027635 -1.75000 10.11400 0.7871835828 2.4141583443    0.722  2.121  3.7131  1.980    7  0.000  0.529     0.00     0.00 -1    -1e-30      0.00 7.498e-01 2.499e-01 5.217e-05 1.507e-05 1.319e-04 -1.000 3.058e-04 -0.532 0.782 0.463 0.281 -0.092 0.039 -0.239 -0.446 -0.709 -0.632 -0.928 -1.003 -1.197
0.00027635 -1.75000 10.11400 0.7871844172 2.4141585827    0.722  2.150  3.7109  1.943    7  0.000  0.529     0.00     0.00 -1    -1e-30      0.00 7.498e-01 2.499e-01 5.217e-05 1.507e-05 1.319e-04 -1.000 3.058e-04 -0.604 0.727 0.403 0.218 -0.159 -0.026 -0.308 -0.517 -0.780 -0.703 -1.002 -1.078 -1.274
0.00027635 -1.75000 10.11400 0.7871857285 2.4141590595    0.722  2.179  3.7089  1.906    7  0.000  0.529     0.00     0.00 -1    -1e-30      0.00 7.498e-01 2.499e-01 5.217e-05 1.507e-05 1.319e-04 -1.000 3.058e-04 -0.677 0.671 0.342 0.154 -0.227 -0.092 -0.377 -0.587 -0.852 -0.775 -1.076 -1.153 -1.351
0.00027635 -1.75000 10.11400 0.7871881723 2.4141600132    0.722  2.160  3.7104  1.931    7  0.000  0.529     0.00     0.00 -1    -1e-30      0.00 7.498e-01 2.499e-01 5.217e-05 1.507e-05 1.319e-04 -1.000 3.058e-04 -0.630 0.705 0.380 0.194 -0.184 -0.051 -0.333 -0.542 -0.806 -0.729 -1.028 -1.105 -1.301
0.00027635 -1.75000 10.11400 0.7871922255 2.4141614437    0.722  2.135  3.7122  1.963    7  0.000  0.529     0.00     0.00 -1    -1e-30      0.00 7.498e-01 2.499e-01 5.217e-05 1.507e-05 1.319e-04 -1.000 3.058e-04 -0.567 0.754 0.433 0.250 -0.125 0.007 -0.273 -0.480 -0.743 -0.666 -0.963 -1.039 -1.234
0.00027635 -1.75000 10.11400 0.7872167230 2.4141702652    0.722  2.153  3.7105  1.938    7  0.000  0.529     0.00     0.00 -1    -1e-30      0.00 7.498e-01 2.499e-01 5.217e-05 1.507e-05 1.319e-04 -1.000 3.058e-04 -0.611 0.724 0.398 0.213 -0.165 -0.032 -0.314 -0.523 -0.787 -0.710 -1.009 -1.086 -1.282
0.00027635 -1.75000 10.11400 0.7872316241 2.4141757488    0.722  2.182  3.7081  1.899    7  0.000  0.529     0.00     0.00 -1    -1e-30      0.00 7.498e-01 2.499e-01 5.217e-05 1.507e-05 1.319e-04 -1.000 3.058e-04 -0.685 0.669 0.337 0.150 -0.233 -0.098 -0.384 -0.595 -0.860 -0.783 -1.085 -1.163 -1.361
0.00027635 -1.75000 10.11400 0.7872496843 2.4141821861    0.722  2.222  3.7051  1.847    7  0.000  0.529     0.00     0.00 -1    -1e-30      0.00 7.498e-01 2.499e-01 5.217e-05 1.507e-05 1.319e-04 -1.000 3.058e-04 -0.785 0.594 0.255 0.064 -0.325 -0.189 -0.478 -0.692 -0.959 -0.882 -1.188 -1.267 -1.467
0.00027635 -1.75000 10.11400 0.7872681022 2.4141891003    0.723  2.265  3.7021  1.793    7  0.000  0.529     0.00     0.00 -1    -1e-30      0.00 7.498e-01 2.499e-01 5.217e-05 1.507e-05 1.319e-04 -1.000 3.058e-04 -0.891 0.514 0.166 -0.028 -0.423 -0.285 -0.579 -0.794 -1.064 -0.986 -1.297 -1.376 -1.580
0.00027635 -1.75000 10.11400 0.7872846127 2.4141950607    0.723  2.307  3.6992  1.739    7  0.000  0.529     0.00     0.00 -1    -1e-30      0.00 7.498e-01 2.499e-01 5.217e-05 1.507e-05 1.319e-04 -1.000 3.058e-04 -0.997 0.434 0.078 -0.119 -0.520 -0.380 -0.678 -0.896 -1.168 -1.089 -1.404 -1.485 -1.691
0.00027635 -1.75000 10.11400 0.7872992754 2.4142003059    0.723  2.348  3.6964  1.686    7  0.000  0.529     0.00     0.00 -1    -1e-30      0.00 7.498e-01 2.499e-01 5.216e-05 1.507e-05 1.319e-04 -1.000 3.037e-04 -1.101 0.356 -0.008 -0.209 -0.616 -0.473 -0.776 -0.996 -1.269 -1.191 -1.510 -1.591 -1.800
0.00027635 -1.75000 10.11400 0.7873122692 2.4142050743    0.723  2.390  3.6936  1.633    7  0.000  0.528     0.00     0.00 -1    -1e-30      0.00 7.499e-01 2.498e-01 5.215e-05 1.507e-05 1.319e-04 -1.000 3.031e-04 -1.205 0.277 -0.094 -0.298 -0.712 -0.567 -0.873 -1.096 -1.371 -1.293 -1.615 -1.698 -1.909
0.00027635 -1.75000 10.11400 0.7873236537 2.4142091274    0.723  2.431  3.6909  1.581    7  0.000  0.527     0.00     0.00 -1    -1e-30      0.00 7.499e-01 2.498e-01 5.208e-05 1.509e-05 1.319e-04 -1.000 3.031e-04 -1.309 0.200 -0.180 -0.387 -0.806 -0.660 -0.971 -1.196 -1.473 -1.394 -1.720 -1.804 -2.017
0.00027635 -1.75000 10.11400 0.7873337269 2.4142127037    0.723  2.473  3.6882  1.529    7  0.000  0.524     0.00     0.00 -1    -1e-30      0.00 7.499e-01 2.498e-01 5.181e-05 1.524e-05 1.319e-04 -1.000 3.032e-04 -1.412 0.124 -0.264 -0.474 -0.900 -0.752 -1.066 -1.294 -1.572 -1.493 -1.824 -1.909 -2.125
0.00027635 -1.75000 10.11400 0.7873429060 2.4142160416    0.723  2.514  3.6855  1.477    7  0.000  0.515     0.00     0.00 -1    -1e-30      0.00 7.498e-01 2.499e-01 5.114e-05 1.585e-05 1.319e-04 -1.000 3.058e-04 -1.515 0.049 -0.348 -0.561 -0.994 -0.843 -1.163 -1.392 -1.673 -1.593 -1.928 -2.014 -2.232
0.00027635 -1.75000 10.11400 0.7873512506 2.4142191410    0.723  2.556  3.6827  1.424    7  0.000  0.502     0.00     0.00 -1    -1e-30      0.00 7.498e-01 2.499e-01 5.005e-05 1.703e-05 1.319e-04 -1.000 3.058e-04 -1.619 -0.016 -0.428 -0.647 -1.089 -0.936 -1.260 -1.494 -1.776 -1.696 -2.035 -2.121 -2.343
0.00027635 -1.75000 10.11400 0.7873590589 2.4142220020    0.723  2.597  3.6800  1.372    7  0.000  0.489     0.00     0.00 -1    -1e-30      0.00 7.498e-01 2.499e-01 4.874e-05 1.857e-05 1.319e-04 -1.000 3.058e-04 -1.722 -0.077 -0.506 -0.732 -1.184 -1.027 -1.358 -1.595 -1.880 -1.799 -2.142 -2.230 -2.453
0.00027635 -1.75000 10.11400 0.7873663306 2.4142246246    0.723  2.639  3.6772  1.319    7  0.000  0.476     0.00     0.00 -1    -1e-30      0.00 7.497e-01 2.500e-01 4.747e-05 2.013e-05 1.319e-04 -1.000 2.466e-04 -1.826 -0.133 -0.580 -0.812 -1.277 -1.116 -1.454 -1.695 -1.982 -1.901 -2.248 -2.338 -2.564
0.00027635 -1.75000 10.11400 0.7873733044 2.4142272472    0.723  2.680  3.6744  1.266    7  0.000  0.465     0.00     0.00 -1    -1e-30      0.00 7.496e-01 2.501e-01 4.633e-05 2.153e-05 1.319e-04 -1.000 3.058e-04 -1.931 -0.186 -0.652 -0.892 -1.369 -1.204 -1.550 -1.795 -2.085 -2.003 -2.356 -2.446 -2.675
0.00027635 -1.75000 10.11400 0.7873799205 2.4142296314    0.723  2.722  3.6716  1.214    7  0.000  0.455     0.00     0.00 -1    -1e-30      0.00 7.495e-01 2.502e-01 4.534e-05 2.274e-05 1.319e-04 -1.000 3.058e-04 -2.034 -0.234 -0.721 -0.968 -1.460 -1.290 -1.645 -1.894 -2.187 -2.105 -2.462 -2.553 -2.785
0.00027635 -1.75000 10.11400 0.7873862982 2.4142317772    0.723  2.763  3.6687  1.161    7  0.000  0.447     0.00     0.00 -1    -1e-30      0.00 7.493e-01 2.504e-01 4.451e-05 2.376e-05 1.319e-04 -1.000 3.059e-04 -2.138 -0.277 -0.787 -1.042 -1.550 -1.374 -1.738 -1.993 -2.289 -2.206 -2.569 -2.661 -2.896
0.00027635 -1.75000 10.11400 0.7873920202 2.4142339230    0.723  2.805  3.6659  1.107    7  0.000  0.439     0.00     0.00 -1    -1e-30      0.00 7.492e-01 2.505e-01 4.377e-05 2.467e-05 1.319e-04 -1.000 3.057e-04 -2.243 -0.317 -0.850 -1.113 -1.638 -1.457 -1.831 -2.091 -2.390 -2.307 -2.675 -2.769 -3.007
0.00027635 -1.75000 10.11400 0.7873968482 2.4142355919    0.723  2.846  3.6630  1.055    7  0.000  0.433     0.00     0.00 -1    -1e-30      0.00 7.490e-01 2.507e-01 4.316e-05 2.541e-05 1.318e-04 -1.000 3.059e-04 -2.345 -0.348 -0.908 -1.179 -1.723 -1.536 -1.921 -2.186 -2.489 -2.405 -2.779 -2.875 -3.116
0.00027635 -1.75000 10.11400 0.7874008417 2.4142372608    0.723  2.887  3.6601  1.002    7  0.000  0.428     0.00     0.00 -1    -1e-30      0.00 7.489e-01 2.508e-01 4.264e-05 2.607e-05 1.317e-04 -1.000 3.059e-04 -2.447 -0.373 -0.962 -1.242 -1.806 -1.612 -2.009 -2.281 -2.587 -2.503 -2.884 -2.980 -3.225
0.00027635 -1.75000 10.11400 0.7874042988 2.4142384529    0.723  2.928  3.6571  0.950    7  0.000  0.424     0.00     0.00 -1    -1e-30      0.00 7.487e-01 2.511e-01 4.217e-05 2.666e-05 1.316e-04 -1.000 2.468e-04 -2.549 -0.392 -1.010 -1.297 -1.883 -1.683 -2.093 -2.371 -2.681 -2.597 -2.985 -3.083 -3.331
0.00027635 -1.75000 10.11400 0.7874075770 2.4142396450    0.723  2.970  3.6540  0.895    7  0.000  0.421     0.00     0.00 -1    -1e-30      0.00 7.485e-01 2.512e-01 4.178e-05 2.720e-05 1.315e-04 -1.000 3.059e-04 -2.654 -0.426 -1.066 -1.358 -1.962 -1.757 -2.178 -2.461 -2.775 -2.691 -3.086 -3.186 -3.439
0.00027635 -1.75000 10.11400 0.7874107957 2.4142408371    0.723  3.014  3.6507  0.838    7  0.000  0.418     0.00     0.00 -1    -1e-30      0.00 7.484e-01 2.513e-01 4.146e-05 2.765e-05 1.313e-04 -1.000 3.058e-04 -2.766 -0.461 -1.125 -1.423 -2.045 -1.835 -2.268 -2.557 -2.874 -2.790 -3.194 -3.296 -3.553
0.00027635 -1.75000 10.11400 0.7874137759 2.4142417908    0.723  3.058  3.6475  0.780    7  0.000  0.416     0.00     0.00 -1    -1e-30      0.00 7.482e-01 2.515e-01 4.120e-05 2.806e-05 1.311e-04 -1.000 3.058e-04 -2.876 -0.494 -1.181 -1.483 -2.125 -1.909 -2.355 -2.649 -2.971 -2.886 -3.299 -3.403 -3.664
0.00027635 -1.75000 10.11400 0.7874147892 2.4142422676    0.723  3.068  3.6467  0.768    7  0.000  0.416     0.00     0.00 -1    -1e-30      0.00 7.482e-01 2.515e-01 4.108e-05 2.824e-05 1.310e-04 -1.000 3.058e-04 -2.899 -0.499 -1.191 -1.494 -2.141 -1.924 -2.373 -2.668 -2.990 -2.906 -3.320 -3.425 -3.687
0.00027635 -1.75000 10.11400 0.7874149680 2.4142422676    0.723  3.097  3.6445  0.730    7  0.000  0.415     0.00     0.00 -1    -1e-30      0.00 7.481e-01 2.516e-01 4.099e-05 2.845e-05 1.309e-04 -1.000 3.059e-04 -2.973 -0.520 -1.228 -1.534 -2.194 -1.973 -2.431 -2.730 -3.054 -2.970 -3.390 -3.496 -3.761
0.00027635 -1.75000 10.11400 0.7874152660 2.4142422676    0.723  3.131  3.6419  0.685    7  0.000  0.414     0.00     0.00 -1    -1e-30      0.00 7.478e-01 2.519e-01 4.078e-05 2.896e-05 1.306e-04 -1.000 3.059e-04 -3.058 -0.542 -1.269 -1.579 -2.254 -2.030 -2.497 -2.800 -3.128 -3.044 -3.471 -3.578 -3.847
0.00027635 -1.75000 10.11400 0.7874156833 2.4142425060    0.723  3.167  3.6392  0.639    7  0.000  0.413     0.00     0.00 -1    -1e-30      0.00 7.476e-01 2.521e-01 4.054e-05 2.957e-05 1.302e-04 -1.000 3.059e-04 -3.147 -0.561 -1.309 -1.622 -2.315 -2.086 -2.565 -2.873 -3.204 -3.119 -3.554 -3.663 -3.936
0.00027635 -1.75000 10.11400 0.7874159217 2.4142425060    0.723  3.414  3.6091  0.271    8  0.549  0.390    95.46    44.74  1 -1.41e-06      0.00 7.290e-01 2.706e-01 6.375e-05 5.931e-05 2.177e-04 -1.000 3.690e-04 -3.766 -0.378 -1.331 -1.661 -2.554 -2.279 -2.892 -3.250 -3.618 -3.533 -4.065 -4.197 -4.520
0.00027635 -1.75000 10.11400 0.7874159813 2.4142427444    0.723  3.277  3.6172  0.441    8  0.549  0.390    66.12    32.57  1 -7.54e-07      0.00 7.290e-01 2.706e-01 6.375e-05 5.931e-05 2.177e-04 -1.000 3.689e-04 -3.421 -0.323 -1.202 -1.527 -2.347 -2.088 -2.649 -2.990 -3.345 -3.260 -3.754 -3.879 -4.185
0.00027635 -1.75000 10.11400 0.7874160409 2.4142427444    0.723  3.130  3.6306  0.641    8  0.549  0.390    43.00    22.45  1 -3.78e-07      0.00 7.290e-01 2.706e-01 6.375e-05 5.931e-05 2.177e-04 -1.000 3.690e-04 -3.056 -0.322 -1.105 -1.420 -2.150 -1.912 -2.413 -2.730 -3.068 -2.983 -3.435 -3.550 -3.834
0.00027635 -1.75000 10.11400 0.7874161601 2.4142427444    0.723  2.929  3.6489  0.915    8  0.549  0.390    23.81    13.46  1 -1.41e-07      0.00 7.290e-01 2.706e-01 6.375e-05 5.931e-05 2.177e-04 -1.000 3.690e-04 -2.554 -0.254 -0.912 -1.207 -1.827 -1.618 -2.050 -2.337 -2.655 -2.570 -2.974 -3.077 -3.335
0.00027635 -1.75000 10.11400 0.7874163985 2.4142427444    0.722  2.934  3.6484  0.908    8  0.549  0.390    24.17    13.64  1 -1.45e-07      0.00 7.290e-01 2.706e-01 6.375e-05 5.931e-05 2.177e-04 -1.000 3.690e-04 -2.566 -0.256 -0.917 -1.213 -1.836 -1.626 -2.059 -2.347 -2.665 -2.581 -2.986 -3.089 -3.348
0.00027635 -1.75000 10.11400 0.7874166369 2.4142429829    0.722  3.024  3.6402  0.786    8  0.550  0.390    31.47    17.13  1 -2.26e-07      0.00 7.290e-01 2.706e-01 6.375e-05 5.931e-05 2.177e-04 -1.000 3.690e-04 -2.790 -0.293 -1.009 -1.315 -1.985 -1.762 -2.225 -2.526 -2.853 -2.768 -3.194 -3.302 -3.572
0.00027635 -1.75000 10.11400 0.7874169350 2.4142429829    0.722  3.177  3.6263  0.577    8  0.550  0.390    49.36    25.26  1 -4.73e-07      0.00 7.290e-01 2.706e-01 6.375e-05 5.931e-05 2.177e-04 -1.000 3.690e-04 -3.172 -0.328 -1.140 -1.459 -2.216 -1.971 -2.490 -2.814 -3.157 -3.072 -3.538 -3.655 -3.946
0.00027635 -1.75000 10.11400 0.7874172926 2.4142432213    0.722  3.310  3.6142  0.395    8  0.550  0.390    73.08    35.44  1 -8.83e-07      0.00 7.290e-01 2.706e-01 6.375e-05 5.931e-05 2.177e-04 -1.000 3.690e-04 -3.504 -0.312 -1.215 -1.541 -2.384 -2.120 -2.698 -3.044 -3.403 -3.318 -3.824 -3.951 -4.264
0.00027635 -1.75000 10.11400 0.7874177098 2.4142432213    0.721  3.398  3.6061  0.275    8  0.551  0.390    94.76    44.33  1 -1.32e-06      0.00 7.290e-01 2.706e-01 6.375e-05 5.931e-05 2.177e-04 -1.000 3.690e-04 -3.724 -0.280 -1.244 -1.573 -2.478 -2.200 -2.823 -3.183 -3.554 -3.469 -4.009 -4.143 -4.471
0.00027635 -1.75000 10.11400 0.7874181271 2.4142434597    0.721  3.446  3.6017  0.209    8  0.551  0.390   109.38    50.14  1 -1.65e-06      0.00 7.290e-01 2.706e-01 6.375e-05 5.931e-05 2.177e-04 -1.000 3.690e-04 -3.845 -0.258 -1.255 -1.586 -2.525 -2.240 -2.889 -3.257 -3.634 -3.549 -4.108 -4.246 -4.583
0.00027635 -1.75000 10.11400 0.7874186635 2.4142436981    0.721  3.471  3.5994  0.174    8  0.552  0.390   117.83    53.43  0 -1.85e-06      0.00 7.290e-01 2.706e-01 6.375e-05 5.931e-05 2.177e-04 -1.000 3.690e-04 -3.907 -0.245 -1.259 -1.591 -2.548 -2.259 -2.922 -3.294 -3.675 -3.590 -4.158 -4.299 -4.640
0.00027635 -1.75000 10.11400 0.7874191999 2.4142436981    0.720  3.487  3.5984  0.154    8  0.552  0.390   123.23    55.48  0    -2e-06      0.00 7.290e-01 2.706e-01 6.375e-05 5.931e-05 2.177e-04 -1.000 3.690e-04 -3.948 -0.247 -1.270 -1.602 -2.569 -2.278 -2.948 -3.321 -3.704 -3.619 -4.193 -4.335 -4.678
0.00027635 -1.75000 10.11400 0.7874213457 2.4142446518    0.554 -9.999  4.0000  1.705    9  0.554  0.000     0.00     0.00 -1    -1e-30      0.00 7.290e-01 2.706e-01 6.375e-05 5.931e-05 2.177e-04 -1.000 3.690e-04 29.767 30.429 30.429 30.429 30.371 30.384 30.352 30.323 30.211 30.266 30.267 30.241 30.182
#isochrone terminated
