0.05 0.83974967 0.87955761 1.017206 1.2788938 -0.066176019 -0.093990846 -0.049479287 -0.1373605
0.03 0.83368118 0.8745095 1.0054088 1.2649683 -0.23390852 -0.29647779 -0.2459858 -0.2534546
0.04 0.83384745 0.88206063 1.0150727 1.2821428 -0.065291143 -0.13515539 -0.12054305 -0.19026775
0.04 0.83630587 0.87731379 1.0158803 1.2797329 -0.078261493 -0.12117186 -0.14416091 -0.1997024
0.04 0.83665715 0.8772824 1.0156649 1.2784308 -0.075011163 -0.13092523 -0.12884537 -0.19973086
0.04 0.83618861 0.87898895 1.0172975 1.2783521 -0.073777361 -0.14180622 -0.12043035 -0.17435853
0.04 0.83711548 0.87821998 1.0140097 1.280309 -0.053440144 -0.10338992 -0.1046165 -0.20949077
0.04 0.83756711 0.88187826 1.0133727 1.276515 -0.070316568 -0.11575125 -0.1087845 -0.15859394
0.04 0.83668388 0.87997233 1.0133298 1.2789895 -0.073582521 -0.091707391 -0.10116259 -0.21634311
0.04 0.83595286 0.87947284 1.0156203 1.2782864 -0.059956679 -0.13240615 -0.11977191 -0.20778612
