0.04 1.4274489e-27 1.794865e-27 4.9301414e-29 6.1094226e-28 0.47157074 0.0360039 0.13911872 0.24032749 0.28129772 0.037087012 0.11860945 0.23983378 0.61500037 0.04324047 0.1451928 0.23983495 4
0.052958891 0.14554932 0.027159241 0.11534939 0.27345182 0.9469127 0.23087697 0.18004763 0.32772158 0.54633124 0.13369854 0.14189972 0.47279227 0.97856672 0.25986263 0.17601447 0.41282231 6
0.070116103 0.6331484 0.88503858 0.15033396 0.60934503 1.3076978 0.92059891 0.31613588 0.60510836 0.89804619 0.92021983 0.27524031 0.63527594 1.343344 0.92260973 0.31252746 0.60809359 9
0.092831777 1.4723357 1.4217976 0.23070649 0.74079924 1.4537539 1.5837167 0.35504076 0.69580369 1.2996425 1.4534958 0.34235305 0.6781144 1.5578882 1.7123044 0.38910497 0.76850146 13
0.1229067 2.5587017 2.1225253 0.62418923 1.0706805 2.5432098 2.2164658 0.46973402 1.2634349 2.5297226 2.2164431 0.46817321 1.1661982 2.5359732 2.2958035 0.47821645 1.2286745 18
0.16272506 3.7575478 2.6132228 1.4849841 1.6274705 4.0749614 2.9735252 1.153578 1.987533 3.9105584 2.8088948 1.0494249 1.6122029 3.9211472 2.8513152 1.2082852 2.0204207 24
0.21544347 4.5836794 3.3635094 2.3138047 2.6465818 5.8552894 4.274825 2.5186621 2.7489336 4.9282617 3.683022 2.3523517 2.3830358 5.0768368 3.8150943 3.6775078 3.5337106 32
0.28524118 5.6583445 4.7929988 6.0366848 3.7750057 7.3718048 6.087496 4.4624371 5.6725881 6.0637585 4.656979 3.856568 4.2136162 6.9505688 5.3894759 8.2131727 11.667082 43
0.37765141 6.3531347 6.0060375 7.7190538 5.047634 8.3008216 7.295205 9.266671 10.370128 6.91071 6.392899 6.2946574 6.7144665 10.418134 12.3811 29.282944 42.266809 58
0.5 8.1822789 8.2882349 11.347288 11.36968 16.303114 19.633361 19.077179 26.20115 14.875515 18.19007 18.188002 20.66463 49.051474 70.373776 118.75103 184.13995 78
0.04 1.4274489e-27 1.794865e-27 4.9301414e-29 6.1094226e-28 0.47157074 0.0360039 0.13911872 0.24032749 0.28129772 0.037087012 0.11860945 0.23983378 0.61500037 0.04324047 0.1451928 0.23983495 4
0.043639973 0.014097311 0.026828347 0.031718456 0.24640381 0.48022275 0.036109325 0.14330403 0.30636297 0.33841764 0.037126248 0.12932613 0.25281034 0.67592341 0.051033998 0.15372378 0.39747445 5
0.047611181 0.14554932 0.027159241 0.11534939 0.27345182 0.9469127 0.23087697 0.18004763 0.32772158 0.54633124 0.13369854 0.14189972 0.47279227 0.97856672 0.25986263 0.17601447 0.41282231 6
0.051943767 0.14554932 0.027159241 0.11534939 0.27345182 0.9469127 0.23087697 0.18004763 0.32772158 0.54633124 0.13369854 0.14189972 0.47279227 0.97856672 0.25986263 0.17601447 0.41282231 6
0.056670615 0.62637682 0.33046723 0.13208865 0.31518344 0.95325883 0.82846047 0.2606799 0.35097816 0.60324632 0.51371087 0.23364194 0.51498105 0.99421385 0.82203959 0.27433041 0.47056471 7
0.061827603 0.62654729 0.8840508 0.13975291 0.44873235 0.96898981 0.87691397 0.26125786 0.3512296 0.61433883 0.87812216 0.23803074 0.57958889 1.0318697 0.88465434 0.29582833 0.52223565 8
0.067453873 0.6331484 0.88503858 0.15033396 0.60934503 1.3076978 0.92059891 0.31613588 0.60510836 0.89804619 0.92021983 0.27524031 0.63527594 1.343344 0.92260973 0.31252746 0.60809359 9
0.07359213 1.1347809 0.91778176 0.20894629 0.64371917 1.3085783 0.92241561 0.31678849 0.60687043 0.93164176 0.92225204 0.27685848 0.65463131 1.3547697 0.92269917 0.32366022 0.61696856 10
0.080288965 1.4481576 0.97707708 0.22955147 0.64936584 1.3875699 1.3166046 0.31822984 0.64473752 1.0377654 1.0337534 0.28151551 0.63963518 1.4288788 1.3844979 0.32626546 0.71527071 11
0.087595206 1.4601086 1.3275284 0.23058808 0.70585307 1.3971362 1.3784837 0.32232099 0.64681796 1.2767735 1.373954 0.32183077 0.64546915 1.4498908 1.4087645 0.33430421 0.71538272 12
0.095566311 1.4723357 1.4217976 0.23070649 0.74079924 1.4537539 1.5837167 0.35504076 0.69580369 1.2996425 1.4534958 0.34235305 0.6781144 1.5578882 1.7123044 0.38910497 0.76850146 13
0.10426278 2.3309828 1.76416 0.37617621 1.0286346 2.3511113 1.883716 0.40148806 1.0672612 2.3511099 1.8233651 0.40010803 0.8615143 2.3933554 2.0362759 0.43588239 1.09297 15
0.11375062 2.4186727 1.9902329 0.59753838 1.0375622 2.3882857 2.1181099 0.43104282 1.0736395 2.3840666 2.1146189 0.4288804 0.91783239 2.4083878 2.159914 0.45589348 1.0968172 16
0.12410185 2.5587017 2.1225253 0.62418923 1.0706805 2.5432098 2.2164658 0.46973402 1.2634349 2.5297226 2.2164431 0.46817321 1.1661982 2.5359732 2.2958035 0.47821645 1.2286745 18
0.13539504 2.9056536 2.1691119 0.70378384 1.3757152 3.0101699 2.2521527 0.52206975 1.3208835 2.9825868 2.2517168 0.49683862 1.2420553 2.9913519 2.3593481 0.50937421 1.3052706 20
0.1477159 3.3983769 2.6031988 1.3019905 1.4530663 3.35125 2.4377416 0.79963951 1.3760466 3.3351194 2.4197946 0.77578072 1.3018095 3.5189553 2.6465182 0.82653375 1.3459426 22
0.16115795 3.7575478 2.6132228 1.4849841 1.6274705 4.0749614 2.9735252 1.153578 1.987533 3.9105584 2.8088948 1.0494249 1.6122029 3.9211472 2.8513152 1.2082852 2.0204207 24
0.17582321 3.8210158 2.7857865 1.7043864 1.8140691 4.7757178 3.1838586 1.2338365 2.016993 4.0987453 2.9206653 1.1436591 1.7199237 4.1861794 2.9681827 1.2830654 2.0579677 26
0.191823 4.094584 3.0916981 2.1076241 2.2905822 5.2786517 3.7260997 1.7343938 2.4577306 4.4209897 3.2878545 1.5484351 2.1667297 4.5923501 3.3533852 1.8938086 3.043862 29
0.20927877 4.5628628 3.3444831 2.3039428 2.5523844 5.6898782 3.8239369 2.0259502 2.7128723 4.870483 3.4009117 1.9027523 2.3796758 4.9722068 3.4556044 2.7461053 3.4353329 31
0.228323 4.7486173 4.1574884 3.4225996 2.6822863 6.0625243 4.3932719 2.5240328 2.9816067 5.0119079 3.8207498 2.3705719 2.441945 5.1693929 3.9226446 3.8723951 4.214231 34
0.24910024 4.8190914 4.4312208 5.0507936 3.1565503 7.6649325 5.4690231 3.1327969 4.2733886 5.398266 4.2428026 2.8725101 3.149837 6.2994157 4.7483561 4.9376087 6.2530565 38
0.27176819 5.5446943 4.6500881 5.6980519 3.5109713 7.1542211 5.502725 3.8072319 5.5839634 5.8876428 4.3553641 3.3526604 4.1902785 6.5513241 4.7625162 6.6960786 10.389122 41
0.29649891 5.9071129 5.102938 6.8663495 4.1720916 7.4887852 7.4649602 6.1828912 6.1912191 6.2378348 5.3392096 5.0247229 4.9928084 7.1551755 6.7879714 12.732997 13.137509 45
0.32348011 6.1615197 5.5451322 6.9914934 4.4165608 7.9818346 8.3152785 7.0378071 9.6169027 6.541629 5.6279141 5.305103 6.5835703 8.0787009 7.7332239 17.144456 29.427649 49
0.35291659 6.234187 5.6802528 7.0689963 4.6206341 8.28029 7.0622702 7.3517207 9.7795356 6.8983214 6.1918992 5.3525996 6.308907 9.6312182 10.546367 22.07197 35.407977 54
0.38503176 6.4997765 6.0189346 7.7652622 5.532057 8.5803223 7.3546484 9.9460873 10.930926 7.1867226 6.4376335 6.4535778 7.3394865 11.665514 13.250282 33.558749 44.603687 59
0.42006939 6.9204465 7.0828696 8.7919835 7.1725273 10.284299 10.690687 8.3925853 13.514181 9.0075334 9.7308492 8.1635606 8.5032671 18.670577 26.337991 48.82814 61.216956 65
0.45829542 7.278236 7.7443194 10.049326 9.1554516 12.457055 14.433896 12.617783 13.810471 11.059313 13.180378 12.111588 11.105665 29.23306 43.467645 77.375245 87.539502 71
0.5 8.1822789 8.2882349 11.347288 11.36968 16.303114 19.633361 19.077179 26.20115 14.875515 18.19007 18.188002 20.66463 49.051474 70.373776 118.75103 184.13995 78
0.04 1.4274489e-27 1.794865e-27 4.9301414e-29 6.1094226e-28 0.47157074 0.0360039 0.13911872 0.24032749 0.28129772 0.037087012 0.11860945 0.23983378 0.61500037 0.04324047 0.1451928 0.23983495 4
0.047908294 0.14554932 0.027159241 0.11534939 0.27345182 0.9469127 0.23087697 0.18004763 0.32772158 0.54633124 0.13369854 0.14189972 0.47279227 0.97856672 0.25986263 0.17601447 0.41282231 6
0.057380116 0.62637682 0.33046723 0.13208865 0.31518344 0.95325883 0.82846047 0.2606799 0.35097816 0.60324632 0.51371087 0.23364194 0.51498105 0.99421385 0.82203959 0.27433041 0.47056471 7
0.068724587 0.6331484 0.88503858 0.15033396 0.60934503 1.3076978 0.92059891 0.31613588 0.60510836 0.89804619 0.92021983 0.27524031 0.63527594 1.343344 0.92260973 0.31252746 0.60809359 9
0.082311943 1.4481576 0.97707708 0.22955147 0.64936584 1.3875699 1.3166046 0.31822984 0.64473752 1.0377654 1.0337534 0.28151551 0.63963518 1.4288788 1.3844979 0.32626546 0.71527071 11
0.098585619 1.8587306 1.6667269 0.37184583 0.8400951 2.1158561 1.7464201 0.37723967 0.76646583 2.0077552 1.7441743 0.3759045 0.74402876 2.0311331 1.8028015 0.39258731 0.81783499 14
0.11807672 2.4778333 2.0576195 0.6072785 1.0375694 2.4764921 2.1362454 0.44865216 1.169219 2.4976112 2.135077 0.44779713 1.0747696 2.4993158 2.1933062 0.46627986 1.1554117 17
0.14142136 2.9583722 2.1693327 0.73395568 1.4436932 3.0103663 2.2890231 0.72346649 1.3750557 2.985039 2.2880575 0.72001667 1.3006602 2.9971487 2.370189 0.79990736 1.3451451 21
0.1693814 3.7809165 2.6247378 1.4996057 1.7108259 4.735114 3.1748953 1.2197746 2.0134978 4.0976888 2.8672019 1.0713228 1.6217689 4.1833598 2.9308377 1.2749817 2.0579355 25
0.20286935 4.5338834 3.3100283 2.3014671 2.5393039 5.6489934 3.81917 1.9073104 2.6558175 4.8570599 3.4008446 1.7709957 2.3050099 4.9470585 3.4553357 2.3519378 3.0580154 30
0.24297811 4.759358 4.2075625 4.4739244 3.1524427 6.2235771 4.7220786 2.7862118 3.938361 5.1356986 3.8416005 2.7349981 3.0055408 5.686247 4.0458673 4.1983244 5.3448372 37
0.29101666 5.6755087 4.9455942 6.1158852 3.8443512 7.4238148 7.4028162 6.1434643 6.1834618 6.0699895 5.3383497 4.8605739 4.9145583 7.1480882 6.7232945 12.621232 12.981894 44
0.3485528 6.2315123 5.6100271 7.0283499 4.6151931 8.1718073 9.4580639 7.3218494 9.7199852 6.7990815 5.9267544 5.3378895 6.3145408 9.1537211 9.6950465 20.868223 34.073201 53
0.41746425 6.9200829 7.0657357 8.4874336 7.0192515 10.141907 10.402762 7.7590954 12.928847 8.8700457 9.4612984 7.5606108 7.5803837 17.9369 25.158887 45.034337 56.618649 64
0.5 8.1822789 8.2882349 11.347288 11.36968 16.303114 19.633361 19.077179 26.20115 14.875515 18.19007 18.188002 20.66463 49.051474 70.373776 118.75103 184.13995 78
