0.05 0.0020711517 0.010961418 0.15390335 0.005361741 0.079271475 0.033352946 1.3676748 0.556879 0.053493168 0.31618 0.13469671 0.023873094 0.44818559 0.41404887 1.7046892 0.085642689
0.03 0.061506188 0.0089879284 0.34250358 0.24201059 0.050657463 0.023754649 0.8199111 0.31584178 0.41884311 0.16657537 0.098205965 0.19009583 0.22706838 0.17963546 0.94601919 0.071403122
0.04 0.079054582 0.011697519 0.41776979 0.31396496 0.062798824 0.028562559 1.0398779 0.40641253 0.40440684 0.057600798 0.045739275 0.054259228 0.30165717 0.2494852 1.2258636 0.081438146
0.04 0.079054582 0.011697519 0.41776979 0.31396496 0.062798824 0.028562559 1.0398779 0.40641253 0.2365578 0.32433394 0.058615175 0.016407078 0.30165717 0.2494852 1.2258636 0.081438146
0.04 0.079054582 0.011697519 0.41776979 0.31396496 0.062798824 0.028562559 1.0398779 0.40641253 0.19657336 0.28984682 0.054283439 0.0074757297 0.30165717 0.2494852 1.2258636 0.081438146
0.04 0.079054582 0.011697519 0.41776979 0.31396496 0.062798824 0.028562559 1.0398779 0.40641253 0.18661116 0.10157506 0.10870801 0.017931081 0.30165717 0.2494852 1.2258636 0.081438146
0.04 0.079054582 0.011697519 0.41776979 0.31396496 0.062798824 0.028562559 1.0398779 0.40641253 0.054346529 0.22002811 0.029663546 0.045546996 0.30165717 0.2494852 1.2258636 0.081438146
0.04 0.079054582 0.011697519 0.41776979 0.31396496 0.062798824 0.028562559 1.0398779 0.40641253 0.054453663 0.041313793 0.025371736 0.0051970785 0.30165717 0.2494852 1.2258636 0.081438146
0.04 0.079054582 0.011697519 0.41776979 0.31396496 0.062798824 0.028562559 1.0398779 0.40641253 0.19129951 0.11982515 0.023561444 0.015874139 0.30165717 0.2494852 1.2258636 0.081438146
0.04 0.079054582 0.011697519 0.41776979 0.31396496 0.062798824 0.028562559 1.0398779 0.40641253 0.2024594 0.17438175 0.057874173 0.0069698401 0.30165717 0.2494852 1.2258636 0.081438146
