0.05 0.034852426 0.040872622 0.46749119 0.093340254 0.57235218 0.11572018 0.18566994 0.24445051 0.85101068 0.036633117 0.2734062 0.19199529 0.30485962 0.35195371 1.2443419 0.23475379
0.059341046 0.63655285 0.042143399 0.63704262 0.010637171 0.53608279 0.0062287608 0.074259255 0.28579236 1.0691231 0.0079862151 0.2063976 0.28257332 0.30366581 0.21586798 1.0090813 0.025235163
0.070427194 1.2613348 0.12376049 0.866757 0.079420487 0.81491242 0.2316458 0.15936148 0.012207273 0.83710305 0.05529519 0.40693121 0.18170945 0.60183784 0.23556945 0.3324108 0.056171354
0.083584467 0.91411538 0.18611146 0.8499813 0.1817956 0.91172006 0.19359211 0.14828749 0.025390069 1.0790843 0.040355036 0.34219089 0.1295849 0.65422371 0.26729171 0.25534494 0.057705077
0.099199794 1.2201171 0.12175914 0.71218254 0.42388548 1.1215161 0.19986939 0.17692989 0.071190856 0.73369363 0.12563956 0.1819633 0.13132048 0.92299712 0.2972792 0.29712172 0.11371345
0.11773239 1.310809 0.097523583 0.47089691 0.45842305 1.3198508 0.18787118 0.23256769 0.12415276 0.81105078 0.16267566 0.23394265 0.1818228 0.95392356 0.33074729 0.36128681 0.11605755
0.13972726 1.2681994 0.1581521 0.62625827 0.38002568 1.381829 0.22362155 0.45112767 0.24566452 0.77920743 0.18951174 0.41321376 0.26290617 0.92591105 0.37437008 0.57320612 0.17422609
0.16583124 1.1618693 0.23499593 0.9298251 0.54308787 1.5597556 0.19489344 0.61505483 0.4146848 0.75397766 0.27238273 0.63653243 0.32792696 0.892642 0.37547101 0.95599596 0.1298252
0.19681198 1.2778784 0.26988587 1.0874132 0.53602358 1.5992968 0.23227829 0.69153467 0.40390236 0.99578288 0.28156952 0.76404138 0.57015971 1.1077905 0.39702399 1.3533892 0.21535123
0.23358058 2.5424871 0.6239115 1.0535232 1.3691727 3.1010111 0.48905461 3.5271299 0.71819268 2.6069448 0.55493483 0.57659087 0.98989912 2.5489578 0.60280417 1.9449498 1.7123027
0.27721832 3.9923422 0.92989693 1.1957711 1.5110789 4.9322241 0.83930488 0.80640473 0.92703183 3.9939564 0.77677926 0.84473072 1.3620124 3.6547916 0.63435531 2.3955183 3.2175518
0.3290085 4.3942091 1.1183757 1.4312876 1.6774613 6.2933219 1.5569442 1.8521957 2.1098022 4.2238393 1.1552624 1.9046349 1.7138669 3.7895151 0.4815073 4.3416673 7.4305908
0.39047417 5.7438714 1.4549355 1.8100529 2.3880538 7.0438651 2.6928337 3.0144716 3.1508165 6.0718758 1.6303806 3.1927071 2.344403 7.2542321 1.0378335 8.088836 14.158056
0.46342291 6.5981708 3.1905823 1.9499461 2.767072 8.322322 8.5873955 5.9061886 6.0283237 8.0792677 5.0904623 3.3076925 4.7577147 10.128222 6.926274 16.937236 28.774212
0.55 7.5704794 4.449938 2.9461676 3.8968652 9.770986 7.6927196 12.058385 6.8990873 9.9730616 8.8015491 6.8318312 10.013368 21.79349 21.924626 42.400479 63.621384
