0.04 1.1335242e-27 7.5703642e-28 7.7084668e-28 5.0281816e-28 0.45756245 0.5384188 0.27846944 0.23707725 0.45270768 0.40696485 0.18239081 0.19676905 0.46199027 0.66479153 0.40454723 0.23550396 4
0.052958891 0.51350383 0.35007379 0.097083773 0.10846295 0.82012072 1.1335533 0.69517146 0.2410881 0.74609448 0.65239621 0.38940758 0.19931519 0.86029687 1.2350646 0.72123281 0.23770236 6
0.070116103 1.0288094 1.2490718 0.69388222 0.30900654 1.2480636 1.877384 0.75059198 0.61619879 1.1527307 1.4639348 0.64871409 0.55626589 1.2630481 1.9227055 0.84651662 0.66438416 9
0.092831777 1.2630809 1.8093152 0.87163006 0.69062168 1.3411248 1.9036152 0.93883646 0.80620044 1.3263854 1.8494531 0.84933356 0.79806755 1.3270583 1.9838753 1.1191775 0.80345257 13
0.1229067 1.8814873 3.2820798 1.7315016 1.3039414 2.2167002 3.5472861 1.8515806 1.4292534 1.8223713 3.2437286 1.7287536 1.3019588 3.1234654 3.3468436 1.7776178 1.3831724 18
0.16272506 2.5257154 4.6381443 2.2974736 1.8193322 3.1585509 5.3286898 2.6418603 2.0188995 2.483478 4.5710469 2.2760214 1.8425538 3.1681456 4.9247269 2.3985285 4.9837552 24
0.21544347 3.1769209 5.033738 2.5679337 2.6506715 4.0050097 6.0818402 3.2819406 2.947647 2.7664189 4.9763341 2.9730725 2.6388111 4.8883972 6.2758411 3.0176045 3.212634 32
0.28524118 5.0499197 5.9042674 5.1275247 4.8550537 7.1290117 7.9462108 6.8935381 6.1310261 4.6117996 5.9648906 6.4769401 4.7479194 14.969311 12.411555 7.7591829 36.469771 43
0.37765141 7.6477824 7.3551194 6.7320661 6.798083 13.338181 14.820166 19.959414 24.426101 10.84552 11.308858 18.312009 18.751475 50.997745 44.104568 39.618837 54.864543 58
0.5 13.744016 11.01503 7.9287927 8.7248941 51.437343 69.306773 104.23811 104.04599 49.004784 64.955796 82.447402 103.64282 285.22563 287.384 291.61206 108.76558 78
0.04 1.1335242e-27 7.5703642e-28 7.7084668e-28 5.0281816e-28 0.45756245 0.5384188 0.27846944 0.23707725 0.45270768 0.40696485 0.18239081 0.19676905 0.46199027 0.66479153 0.40454723 0.23550396 4
0.043639973 0.4818367 0.34185568 0.039192689 0.048723753 0.59147816 0.72426818 0.29308729 0.23711302 0.52620626 0.40993311 0.2116665 0.19887261 0.77697465 1.1057611 0.5259883 0.2373918 5
0.047611181 0.51350383 0.35007379 0.097083773 0.10846295 0.82012072 1.1335533 0.69517146 0.2410881 0.74609448 0.65239621 0.38940758 0.19931519 0.86029687 1.2350646 0.72123281 0.23770236 6
0.051943767 0.51350383 0.35007379 0.097083773 0.10846295 0.82012072 1.1335533 0.69517146 0.2410881 0.74609448 0.65239621 0.38940758 0.19931519 0.86029687 1.2350646 0.72123281 0.23770236 6
0.056670615 0.74120617 0.78293255 0.59045473 0.22160597 0.84306764 1.1470909 0.74627477 0.39119366 0.75143916 0.78727531 0.64357788 0.31763402 0.86240222 1.2528775 0.81160418 0.37972238 7
0.061827603 0.74380583 0.92261874 0.64099453 0.22380575 1.1590778 1.818359 0.74609693 0.59718261 0.9175589 1.1014355 0.64383605 0.49209139 1.1885282 1.8679955 0.84217551 0.66311991 8
0.067453873 1.0288094 1.2490718 0.69388222 0.30900654 1.2480636 1.877384 0.75059198 0.61619879 1.1527307 1.4639348 0.64871409 0.55626589 1.2630481 1.9227055 0.84651662 0.66438416 9
0.07359213 1.0991549 1.3836391 0.6958755 0.31334861 1.2507356 1.8800637 0.76696421 0.77247227 1.1741952 1.5983494 0.71106948 0.74181263 1.2697243 1.9245383 0.89715919 0.78577478 10
0.080288965 1.1078702 1.5459661 0.79462199 0.45093151 1.318635 1.8843233 0.82460754 0.78955618 1.3185814 1.8290941 0.72278912 0.78040331 1.320103 1.9252167 0.93437429 0.79761781 11
0.087595206 1.2429576 1.7474003 0.80390101 0.62995292 1.3200329 1.8963253 0.83718216 0.80039746 1.3189445 1.8415273 0.82960896 0.78073739 1.3204453 1.9560331 0.93874908 0.80174309 12
0.095566311 1.2630809 1.8093152 0.87163006 0.69062168 1.3411248 1.9036152 0.93883646 0.80620044 1.3263854 1.8494531 0.84933356 0.79806755 1.3270583 1.9838753 1.1191775 0.80345257 13
0.10426278 1.5220858 2.3632944 1.2272859 1.0144957 1.7451271 2.4873984 1.3096139 1.3197601 1.5379732 2.4511651 1.306659 1.0358911 1.6261092 2.4577112 1.3845042 1.1331157 15
0.11375062 1.5222672 2.4682257 1.2458114 1.1241196 1.9143303 3.2689537 1.7245778 1.331962 1.5903346 3.0249244 1.6310841 1.134649 1.762883 3.0990699 1.6560384 1.1763063 16
0.12410185 1.8814873 3.2820798 1.7315016 1.3039414 2.2167002 3.5472861 1.8515806 1.4292534 1.8223713 3.2437286 1.7287536 1.3019588 3.1234654 3.3468436 1.7776178 1.3831724 18
0.13539504 2.2907684 4.0740797 2.0913049 1.3133447 2.6316404 4.4293476 2.2006031 1.5527191 2.2435134 4.0990144 2.0819241 1.3169535 2.5379822 7.0221461 2.1931801 1.3891157 20
0.1477159 2.3175011 4.2280689 2.1226265 1.7687663 3.2766492 4.4766917 2.2572261 1.947824 2.2630962 4.2692771 2.0873164 1.7931983 2.8263421 4.3115262 2.2025018 1.9209847 22
0.16115795 2.5257154 4.6381443 2.2974736 1.8193322 3.1585509 5.3286898 2.6418603 2.0188995 2.483478 4.5710469 2.2760214 1.8425538 3.1681456 4.9247269 2.3985285 4.9837552 24
0.17582321 2.5658304 4.6433612 2.3761247 1.8952928 3.576536 6.8618579 2.6790815 2.1593835 2.5711471 4.6035724 2.3323971 1.9057235 3.7425986 5.2640084 2.4580506 2.1119187 26
0.191823 2.8685177 4.899689 2.4498316 1.9693783 3.8264251 6.0207572 3.0652075 2.1927944 2.6480342 4.8863973 2.68897 2.165931 4.0064923 5.834981 2.7235394 2.3359942 29
0.20927877 2.9092552 5.0317745 2.538476 2.3380574 3.6139637 6.0721744 3.0789884 2.5938331 2.6705411 4.9749247 2.7599993 2.3144682 35.280215 6.1834299 2.7738671 2.7052761 31
0.228323 4.2425264 5.4525231 3.0821356 2.8042267 5.2174826 6.582206 3.5405002 3.3806548 3.5378258 5.290659 3.2862077 2.8607374 6.6323108 6.959597 3.289411 3.7837422 34
0.24910024 4.6305184 5.6466445 4.287047 3.136992 6.8697112 7.7823168 5.3726952 5.1167202 3.9622562 5.6932612 4.8323077 3.880064 10.990331 67.879064 5.1448058 6.484062 38
0.27176819 4.9285403 5.9022683 4.7648788 4.4588476 12.351653 7.9117637 5.8083006 5.5754456 4.5270453 5.9520999 5.3542674 4.2470477 13.877482 11.638487 5.8697171 6.7735761 41
0.29649891 5.3811419 6.1610502 5.403222 5.2541175 7.7053566 8.374549 8.8794055 7.4398716 4.9516231 6.1290177 8.1286084 5.5794752 19.115884 13.921317 10.966942 11.61935 45
0.32348011 6.0878612 6.572312 6.2214473 5.6206993 8.7494238 9.7303357 9.9043954 9.0895782 6.4268582 6.8735069 8.9311624 6.7273155 25.897938 19.315185 150.00125 16.692454 49
0.35291659 7.1986236 6.9789611 6.6894007 6.4297205 10.978191 12.682063 11.328173 17.330522 10.580361 9.7344468 14.560438 14.671035 296.20564 32.454362 25.131916 36.73213 54
0.38503176 7.6488216 7.4379117 6.7343562 6.7990901 13.54361 15.545612 23.370866 26.8229 11.039382 11.988316 21.445282 20.850786 367.65869 47.491493 50.083494 60.981215 59
0.42006939 8.595633 8.2750517 6.9935369 7.4161831 19.867454 24.752749 34.869967 42.643967 17.822662 21.275848 32.560643 35.006535 98.054577 86.540155 83.879551 103.33769 65
0.45829542 11.238556 8.9436022 7.2592519 8.2154649 29.891687 39.039639 61.589549 68.877173 27.65192 35.027937 57.330887 60.299001 149.94294 151.05864 160.54031 155.87333 71
0.5 13.744016 11.01503 7.9287927 8.7248941 51.437343 69.306773 104.23811 104.04599 49.004784 64.955796 82.447402 103.64282 285.22563 287.384 291.61206 108.76558 78
0.04 1.1335242e-27 7.5703642e-28 7.7084668e-28 5.0281816e-28 0.45756245 0.5384188 0.27846944 0.23707725 0.45270768 0.40696485 0.18239081 0.19676905 0.46199027 0.66479153 0.40454723 0.23550396 4
0.047908294 0.51350383 0.35007379 0.097083773 0.10846295 0.82012072 1.1335533 0.69517146 0.2410881 0.74609448 0.65239621 0.38940758 0.19931519 0.86029687 1.2350646 0.72123281 0.23770236 6
0.057380116 0.74120617 0.78293255 0.59045473 0.22160597 0.84306764 1.1470909 0.74627477 0.39119366 0.75143916 0.78727531 0.64357788 0.31763402 0.86240222 1.2528775 0.81160418 0.37972238 7
0.068724587 1.0288094 1.2490718 0.69388222 0.30900654 1.2480636 1.877384 0.75059198 0.61619879 1.1527307 1.4639348 0.64871409 0.55626589 1.2630481 1.9227055 0.84651662 0.66438416 9
0.082311943 1.1078702 1.5459661 0.79462199 0.45093151 1.318635 1.8843233 0.82460754 0.78955618 1.3185814 1.8290941 0.72278912 0.78040331 1.320103 1.9252167 0.93437429 0.79761781 11
0.098585619 1.2693351 1.8676728 1.1246306 0.74926947 1.742899 2.4292608 1.3083879 0.84416449 1.4658808 2.3170927 1.3026893 0.79800764 1.61768 2.3454596 1.3666136 0.80566087 14
0.11807672 1.5264883 2.694261 1.4015397 1.2742076 2.0337126 3.3867801 1.7471122 1.6936866 1.68662 3.0879086 1.6502467 1.2960109 2.2121748 3.2051623 1.6671701 1.3823821 17
0.14142136 2.3003318 4.1076594 2.1023714 1.6528242 2.6321151 4.4319603 2.2064749 1.91528 2.2515002 4.0991911 2.0827214 1.6934967 2.5403433 4.233162 2.2019562 1.9076904 21
0.1693814 2.5444557 4.6431585 2.3761198 1.8763663 3.2010975 6.4984538 2.6461106 2.1583487 2.520095 4.572017 2.330804 1.8838319 3.2134865 5.0993532 2.4580319 2.1115104 25
0.20286935 2.8690083 5.0187449 2.4878921 2.1494471 3.8627483 6.0446158 3.0667266 2.5369337 2.6594798 4.90378 2.7075198 2.203701 4.1595925 5.9322436 2.7333615 2.4486877 30
0.24297811 4.5152201 5.6326756 4.0159509 3.1355996 6.8279226 7.4838558 4.79645 4.7152305 3.9219192 5.4763039 4.2199501 3.564432 10.465309 64.433661 4.3837999 5.6633136 37
0.29101666 5.3282793 6.1299635 5.3984741 5.2476025 13.883779 8.2624121 8.4520956 7.2783936 4.8784664 6.1198088 7.8273376 5.5081407 18.653495 13.29227 10.132453 11.094966 44
0.3485528 7.0530754 6.8303462 6.673029 6.1658414 10.476738 11.338031 14.005385 13.002642 9.2683904 8.5354378 13.709517 10.706383 34.551744 26.91006 23.260616 26.638421 53
0.41746425 8.3299052 8.0799152 6.9196711 7.3682158 18.655428 22.266521 33.039746 37.651678 16.630427 18.861691 30.826324 30.453567 89.918825 76.535567 79.222347 91.153053 64
0.5 13.744016 11.01503 7.9287927 8.7248941 51.437343 69.306773 104.23811 104.04599 49.004784 64.955796 82.447402 103.64282 285.22563 287.384 291.61206 108.76558 78
