0.04 1.4274489e-27 1.794865e-27 4.9301414e-29 6.1094226e-28 0.72884287 0.07437554 0.17397594 0.47676346 9.6507139e-15 0.036080663 0.11520853 0.19792721 0.18571773 0.031373109 0.14052554 0.23983358
0.047908294 0.14554932 0.027159241 0.11534939 0.27345182 0.97407404 0.38752042 0.22859882 0.49059782 0.55071076 0.13387945 0.14297945 0.27614351 0.93854861 0.25986967 0.17601465 0.41282223
0.057380116 0.62637682 0.33046723 0.13208865 0.31518344 0.99638203 1.1844933 0.31767235 0.51547428 0.60248531 0.47494961 0.23357883 0.27984333 0.99444779 0.5980342 0.27433962 0.38967081
0.068724587 0.6331484 0.88503858 0.15033396 0.60934503 1.4376559 1.2715766 0.41233564 0.76882398 0.90088413 0.88361568 0.19248773 0.60493841 1.3236044 0.91970201 0.30720201 0.60809446
0.082311943 1.4481576 0.97707708 0.22955147 0.64936584 1.6711731 1.8413639 1.1746169 1.4136554 1.0384807 1.0191165 0.28433744 0.62722586 1.4287353 1.3232278 0.30726601 0.71527182
0.098585619 1.8587306 1.6667269 0.37184583 0.8400951 2.6302738 2.4494414 0.91568361 1.2199215 2.0077487 1.5608197 0.37594001 0.74403525 2.0310906 1.7506929 0.39258332 0.81783203
0.11807672 2.4778333 2.0576195 0.6072785 1.0375694 2.7137401 2.7852486 1.0301082 1.5780405 2.4656908 2.1311891 0.44777207 1.0752047 2.4991625 2.1640432 0.46626359 1.1553948
0.14142136 2.9583722 2.1693327 0.73395568 1.4436932 3.3294322 2.9286646 1.2673412 1.7632342 2.9825475 2.1877203 0.71997178 1.3008546 2.9974484 2.3473346 0.79991686 1.345172
0.1693814 3.7809165 2.6247378 1.4996057 1.7108259 4.3028758 3.6431928 2.241508 2.5190231 3.8365516 2.4828124 1.0441921 1.6217778 4.1864869 2.7909705 1.27555 2.0577101
0.20286935 4.5338834 3.3100283 2.3014671 2.5393039 5.932428 4.4169136 3.5115922 3.3538609 4.8582823 3.2655784 1.772413 2.2830025 4.9485326 3.3976375 2.3657855 3.0575455
0.24297811 4.759358 4.2075625 4.4739244 3.1524427 6.0426311 5.8836298 7.604801 5.4585259 5.1407813 3.7152775 2.6853312 2.9325841 5.114332 3.7873168 3.0219486 5.7266034
0.29101666 5.6755087 4.9455942 6.1158852 3.8443512 7.5974438 6.2432076 8.4066674 7.7420664 6.0776671 4.8658129 5.9004566 5.2922305 6.2502999 4.9763115 4.0954086 3.5352988
0.3485528 6.2315123 5.6100271 7.0283499 4.6151931 8.3473146 16.369649 9.0412704 6.2987337 6.8520594 5.3292805 4.8543399 6.5745388 6.7858589 5.4266269 5.4410982 5.3570919
0.41746425 6.9200829 7.0657357 8.4874336 7.0192515 8.47742 11.13535 7.4879419 7.3488136 8.8745733 6.6849186 10.201947 8.5757102 7.3802228 6.7385635 6.8327414 7.1664124
0.5 8.1822789 8.2882349 11.347288 11.36968 16.624188 9.1715239 8.6548374 8.8882773 8.6791102 7.9114923 18.567561 27.147638 8.8425386 7.9715527 7.8925071 8.4948513
0.04 1.4274489e-27 1.794865e-27 4.9301414e-29 6.1094226e-28 0.72884287 0.07437554 0.17397594 0.47676346 9.6507139e-15 0.036080663 0.11520853 0.19792721 0.18571773 0.031373109 0.14052554 0.23983358
0.047908294 0.14554932 0.027159241 0.11534939 0.27345182 0.97407404 0.38752042 0.22859882 0.49059782 0.55071076 0.13387945 0.14297945 0.27614351 0.93854861 0.25986967 0.17601465 0.41282223
0.057380116 0.62637682 0.33046723 0.13208865 0.31518344 0.99638203 1.1844933 0.31767235 0.51547428 0.60248531 0.47494961 0.23357883 0.27984333 0.99444779 0.5980342 0.27433962 0.38967081
0.068724587 0.6331484 0.88503858 0.15033396 0.60934503 1.4376559 1.2715766 0.41233564 0.76882398 0.90088413 0.88361568 0.19248773 0.60493841 1.3236044 0.91970201 0.30720201 0.60809446
0.082311943 1.4481576 0.97707708 0.22955147 0.64936584 1.6711731 1.8413639 1.1746169 1.4136554 1.0384807 1.0191165 0.28433744 0.62722586 1.4287353 1.3232278 0.30726601 0.71527182
0.098585619 1.8587306 1.6667269 0.37184583 0.8400951 2.6302738 2.4494414 0.91568361 1.2199215 2.0077487 1.5608197 0.37594001 0.74403525 2.0310906 1.7506929 0.39258332 0.81783203
0.11807672 2.4778333 2.0576195 0.6072785 1.0375694 2.7137401 2.7852486 1.0301082 1.5780405 2.4656908 2.1311891 0.44777207 1.0752047 2.4991625 2.1640432 0.46626359 1.1553948
0.14142136 2.9583722 2.1693327 0.73395568 1.4436932 3.3294322 2.9286646 1.2673412 1.7632342 2.9825475 2.1877203 0.71997178 1.3008546 2.9974484 2.3473346 0.79991686 1.345172
0.1693814 3.7809165 2.6247378 1.4996057 1.7108259 4.3028758 3.6431928 2.241508 2.5190231 3.8365516 2.4828124 1.0441921 1.6217778 4.1864869 2.7909705 1.27555 2.0577101
0.20286935 4.5338834 3.3100283 2.3014671 2.5393039 5.932428 4.4169136 3.5115922 3.3538609 4.8582823 3.2655784 1.772413 2.2830025 4.9485326 3.3976375 2.3657855 3.0575455
0.24297811 4.759358 4.2075625 4.4739244 3.1524427 6.0426311 5.8836298 7.604801 5.4585259 5.1407813 3.7152775 2.6853312 2.9325841 5.114332 3.7873168 3.0219486 5.7266034
0.29101666 5.6755087 4.9455942 6.1158852 3.8443512 7.5974438 6.2432076 8.4066674 7.7420664 6.0776671 4.8658129 5.9004566 5.2922305 6.2502999 4.9763115 4.0954086 3.5352988
0.3485528 6.2315123 5.6100271 7.0283499 4.6151931 8.3473146 16.369649 9.0412704 6.2987337 6.8520594 5.3292805 4.8543399 6.5745388 6.7858589 5.4266269 5.4410982 5.3570919
0.41746425 6.9200829 7.0657357 8.4874336 7.0192515 8.47742 11.13535 7.4879419 7.3488136 8.8745733 6.6849186 10.201947 8.5757102 7.3802228 6.7385635 6.8327414 7.1664124
0.5 8.1822789 8.2882349 11.347288 11.36968 16.624188 9.1715239 8.6548374 8.8882773 8.6791102 7.9114923 18.567561 27.147638 8.8425386 7.9715527 7.8925071 8.4948513
