0.04 2.5374061e-27 1.1382127e-27 1.621817e-27 5.2858905e-28 0.17845218 0.18759434 0.24903704 0.8935915 0.17901269 0.18707907 0.24180195 0.86642133 0.18061829 0.18940423 0.25160721 0.90288325 4
0.052958891 0.30299237 0.20976099 0.12217405 0.23738933 0.47139552 0.3267088 0.99619281 1.1180554 0.46538045 0.29791863 0.85746105 1.1151938 0.57220655 0.34613341 1.0108223 1.1161399 6
0.070116103 1.096506 0.88407241 1.7957039 1.3219103 1.257065 1.1544374 3.3044914 1.3688474 1.2355986 1.1394545 3.338856 1.339945 1.2607578 1.160324 3.4234126 1.5317957 9
0.092831777 1.5678235 1.3208639 3.417152 1.4623566 1.811815 1.5269706 3.2704778 1.5771856 1.5968393 1.3532949 3.3940375 1.5716588 1.8371286 1.7579311 3.8019568 2.3917385 13
0.1229067 1.8249831 1.7058772 4.1043711 2.8752623 2.2855795 3.2500898 4.4177929 3.0033294 1.7845657 1.6592824 4.2153392 2.8920047 2.6297433 2.8538706 4.7900959 7.528497 18
0.16272506 2.909593 2.5512513 6.6987156 4.3324781 4.1040494 2.7979132 7.4355103 4.3366005 3.4008767 2.5261628 5.837192 3.9963519 4.3950711 8.9480504 7.2687024 9.1232325 24
0.21544347 4.2359967 3.3506216 7.1969538 4.7771982 4.3718787 5.8530742 7.8972181 5.2666705 4.7472883 3.7044535 7.1298923 4.8440439 8.2476829 7.1771556 8.6113811 11.746294 32
0.28524118 7.1354776 5.2984899 8.7379137 6.7600993 11.489614 7.3194612 14.927156 9.9320039 9.3685182 5.765155 8.5320054 7.8432451 36.027132 25.557192 17.03835 19.062064 43
0.37765141 11.226017 10.033701 10.909163 8.5464717 29.195877 22.502295 29.430845 40.804725 21.360647 18.783987 26.255028 34.184295 333.69305 109.54524 66.681091 84.320122 58
0.5 19.290688 19.843376 20.464042 12.809003 118.6453 131.74772 161.14007 318.04627 114.41172 105.8148 144.1793 219.99581 545.30044 511.46467 158.87078 919.01953 78
0.04 2.5374061e-27 1.1382127e-27 1.621817e-27 5.2858905e-28 0.17845218 0.18759434 0.24903704 0.8935915 0.17901269 0.18707907 0.24180195 0.86642133 0.18061829 0.18940423 0.25160721 0.90288325 4
0.043639973 0.20645773 0.19565948 0.12190407 0.15000463 0.44968743 0.21301055 0.2909499 0.90267858 0.40515825 0.21135308 0.27962288 0.90135218 0.57155652 0.2629625 0.47127508 1.0148487 5
0.047611181 0.30299237 0.20976099 0.12217405 0.23738933 0.47139552 0.3267088 0.99619281 1.1180554 0.46538045 0.29791863 0.85746105 1.1151938 0.57220655 0.34613341 1.0108223 1.1161399 6
0.051943767 0.30299237 0.20976099 0.12217405 0.23738933 0.47139552 0.3267088 0.99619281 1.1180554 0.46538045 0.29791863 0.85746105 1.1151938 0.57220655 0.34613341 1.0108223 1.1161399 6
0.056670615 0.36320323 0.30330669 0.92083384 1.2131376 0.59816353 0.32793374 0.99620407 1.310857 0.57681372 0.3031147 0.92741586 1.2761217 0.60363698 0.33229914 1.0113862 1.4528247 7
0.061827603 0.42339672 0.33531246 0.92906078 1.2192072 1.0186303 0.82466075 1.5616252 1.358271 0.87681087 0.63451861 1.223538 1.3379384 1.0503432 0.90090729 1.7237119 1.453224 8
0.067453873 1.096506 0.88407241 1.7957039 1.3219103 1.257065 1.1544374 3.3044914 1.3688474 1.2355986 1.1394545 3.338856 1.339945 1.2607578 1.160324 3.4234126 1.5317957 9
0.07359213 1.1754424 1.020476 2.7718958 1.3662741 1.2936733 1.1803484 3.3610591 1.429949 1.2410514 1.1745182 3.3746626 1.3675047 1.9197977 1.1773152 3.5885127 1.9609849 10
0.080288965 1.2124839 1.025576 3.3097385 1.3910015 1.6250406 1.4216524 3.3636693 1.4604372 1.5278516 1.1862662 3.3188315 1.4449904 2.0094925 1.4558279 3.5885598 2.2468628 11
0.087595206 1.39684 1.2069902 3.3326094 1.4421599 1.7857867 1.4856341 3.218796 1.4824099 1.4790504 1.1988308 3.3921854 1.4514241 1.7958591 1.5451169 3.7961726 2.3806408 12
0.095566311 1.5678235 1.3208639 3.417152 1.4623566 1.811815 1.5269706 3.2704778 1.5771856 1.5968393 1.3532949 3.3940375 1.5716588 1.8371286 1.7579311 3.8019568 2.3917385 13
0.10426278 1.6212681 1.5497319 3.4946686 2.3514901 1.9671977 2.1774726 3.4049903 2.5066935 1.6016146 1.5221702 3.5055271 2.4467547 2.0839211 2.329584 3.9485403 4.7246855 15
0.11375062 1.6216792 1.5550648 3.7142581 2.5111368 2.059403 1.7270519 3.5589958 2.5917041 1.6795115 1.5317991 3.7611865 2.5165065 2.3878462 2.4766275 3.6641766 5.5439229 16
0.12410185 1.8249831 1.7058772 4.1043711 2.8752623 2.2855795 3.2500898 4.4177929 3.0033294 1.7845657 1.6592824 4.2153392 2.8920047 2.6297433 2.8538706 4.7900959 7.528497 18
0.13539504 2.6150603 2.2691299 4.3706525 3.8190808 2.9578338 2.9524397 5.6922974 4.0497532 2.3464959 2.0143397 4.3951051 3.8604398 4.7405709 3.5956539 4.9715484 7.9971567 20
0.1477159 2.7025102 2.3206106 5.2761656 4.2859221 3.032332 2.9773913 6.397744 4.2443215 2.6535103 2.246927 4.8821728 3.9886405 4.2951568 3.8228445 5.5347719 8.6142542 22
0.16115795 2.909593 2.5512513 6.6987156 4.3324781 4.1040494 2.7979132 7.4355103 4.3366005 3.4008767 2.5261628 5.837192 3.9963519 4.3950711 8.9480504 7.2687024 9.1232325 24
0.17582321 3.2870048 2.7991947 7.0304614 4.3754197 4.9043872 3.4240469 7.7594444 4.6314095 3.3979597 2.7052935 6.2959362 4.1059939 5.2108808 5.0624693 7.6948146 9.9361874 26
0.191823 3.592374 2.9448192 7.1411053 4.5206855 5.4348568 3.7365512 7.785344 5.7853078 3.8696411 3.0056576 6.7155231 4.3647761 5.9215039 5.5807094 8.1397974 10.872029 29
0.20927877 4.1407857 3.2774385 7.1959297 4.6408636 4.3437292 5.8017625 7.3920444 4.9075281 4.7280985 3.7041191 7.1290435 4.4879205 7.7359203 6.8421397 16.847857 11.143549 31
0.228323 5.0666101 4.3405232 7.9688672 4.911474 5.1778543 7.1345483 8.4619168 6.1422646 4.6047044 4.0589432 7.5015606 5.3949956 9.9199703 9.5722222 9.6558948 12.950894 34
0.24910024 6.5787674 5.0374803 8.3730281 5.8088949 7.257991 6.7545385 9.2210214 8.3235147 6.7196247 5.4479032 7.9370566 6.9530672 20.787336 17.902021 12.254391 16.043038 38
0.27176819 6.8899242 5.1796434 8.5459602 6.3792811 11.486093 7.2469142 9.6734208 8.9965156 8.3753621 6.3548492 8.3921177 7.8310219 34.574301 23.571173 15.032813 17.580309 41
0.29649891 7.2849433 5.8467018 9.2693673 7.3116475 12.239389 6.3773925 11.855472 13.179905 15.961589 6.2901935 10.743124 10.053614 45.310363 118.85123 21.995918 23.457019 45
0.32348011 8.660577 6.9283397 9.7665181 7.3743337 24.153874 10.99743 29.995125 14.134495 14.284302 8.0355057 11.02706 13.942302 65.383104 51.231486 28.115919 32.179376 49
0.35291659 10.4515 8.6629506 10.61241 8.4456323 22.719415 15.989468 21.069673 30.316054 15.702911 14.034038 16.559341 24.517443 99.672054 73.2351 44.993665 57.702103 54
0.38503176 11.234323 10.120341 10.982252 8.9147375 30.717783 23.52729 31.788143 46.924704 27.7432 16.692878 25.236912 40.123127 145.91284 115.91257 72.655461 110.28713 59
0.42006939 13.710741 13.540438 13.478327 9.7339539 35.35647 46.570177 43.145625 68.033051 37.155178 33.992452 42.844182 61.753769 240.11942 208.16681 110.94558 193.6617 65
0.45829542 16.886305 17.116541 17.092978 11.837201 81.552321 83.944455 98.87955 151.98294 77.85506 69.683646 83.223873 137.37946 379.55321 348.57633 118.29569 464.33957 71
0.5 19.290688 19.843376 20.464042 12.809003 118.6453 131.74772 161.14007 318.04627 114.41172 105.8148 144.1793 219.99581 545.30044 511.46467 158.87078 919.01953 78
0.04 2.5374061e-27 1.1382127e-27 1.621817e-27 5.2858905e-28 0.17845218 0.18759434 0.24903704 0.8935915 0.17901269 0.18707907 0.24180195 0.86642133 0.18061829 0.18940423 0.25160721 0.90288325 4
0.047908294 0.30299237 0.20976099 0.12217405 0.23738933 0.47139552 0.3267088 0.99619281 1.1180554 0.46538045 0.29791863 0.85746105 1.1151938 0.57220655 0.34613341 1.0108223 1.1161399 6
0.057380116 0.36320323 0.30330669 0.92083384 1.2131376 0.59816353 0.32793374 0.99620407 1.310857 0.57681372 0.3031147 0.92741586 1.2761217 0.60363698 0.33229914 1.0113862 1.4528247 7
0.068724587 1.096506 0.88407241 1.7957039 1.3219103 1.257065 1.1544374 3.3044914 1.3688474 1.2355986 1.1394545 3.338856 1.339945 1.2607578 1.160324 3.4234126 1.5317957 9
0.082311943 1.2124839 1.025576 3.3097385 1.3910015 1.6250406 1.4216524 3.3636693 1.4604372 1.5278516 1.1862662 3.3188315 1.4449904 2.0094925 1.4558279 3.5885598 2.2468628 11
0.098585619 1.5829408 1.3599309 3.4272231 1.7967854 1.9600773 1.6151753 3.2831201 2.0591974 1.5968536 1.4370049 3.3726202 1.8222452 2.0516906 2.3237834 3.9242274 4.7172703 14
0.11807672 1.642759 1.5555225 3.7547803 2.6458665 2.0607296 3.2462634 3.690035 3.2004697 1.7407927 1.6175594 3.6826624 2.8014366 2.6234776 2.8535895 3.8958322 6.993446 17
0.14142136 2.6377442 2.2691304 4.392115 4.2525525 3.0055229 2.9775106 5.9298881 4.2284416 2.64163 2.088133 4.8216902 3.9882458 3.7658343 3.6258559 5.2432091 8.4767752 21
0.1693814 2.9329633 2.5617901 6.9619678 4.3735599 4.1299147 3.1592639 7.492626 4.4942165 3.4086883 2.6803388 6.1712802 4.0461952 4.4163088 4.4213649 7.3043999 9.5277453 25
0.20286935 4.0514573 3.2746633 7.1437061 4.6360167 5.970389 5.7976835 7.235843 5.7852605 4.5404567 3.1645133 7.128709 4.3645199 6.947286 6.6795689 14.873655 10.88818 30
0.24297811 6.289464 4.9704936 8.2946914 5.8059884 7.1328575 6.0533574 9.0102681 10.614318 6.5427767 4.5857358 7.6567784 6.5581941 77.364994 15.011896 11.520168 15.359392 37
0.29101666 7.1965908 5.843654 9.1957274 7.0467453 12.145749 8.3988006 11.394396 10.935269 9.0337679 6.4974351 10.120102 8.5147701 40.957185 99.431512 20.696312 20.352147 44
0.3485528 10.063253 8.6611854 10.538512 8.034329 19.694514 15.396217 19.053268 24.939712 14.002614 13.482408 15.141886 19.771821 84.425117 68.26984 40.147355 46.836889 53
0.41746425 12.886144 12.343747 12.27728 9.6685703 42.565805 40.931549 44.782277 63.438625 40.025447 29.380232 35.175017 56.835543 205.70624 190.77419 101.07147 174.47531 64
0.5 19.290688 19.843376 20.464042 12.809003 118.6453 131.74772 161.14007 318.04627 114.41172 105.8148 144.1793 219.99581 545.30044 511.46467 158.87078 919.01953 78
