0.04 0.00078741494 0.049794872 0.36455038 0.35486508 0.0018014241 0.37586058 0.72491065 0.53549918 0.015649588 0.5572025 0.56308653 0.6928356 0.018739339 0.39604368 0.6913975 0.85177133
0.047908294 0.015328493 0.27332829 0.43684372 0.67364161 0.012391244 0.52327433 0.86948365 0.99783095 0.025552549 0.82328332 0.62469143 0.83619977 0.039323171 0.55343395 0.89238135 0.99152535
0.057380116 0.15063754 1.2225314 0.065206859 0.58629105 0.012180672 0.52574948 0.91125841 0.086505064 0.05313418 0.95253725 0.51242445 0.37033602 0.060952911 0.64119102 0.8696325 0.54907368
0.068724587 0.44686116 2.1838289 0.13224275 0.89413569 0.0086996685 0.54253314 1.1944578 0.15057311 0.060944879 1.0406895 0.30258259 0.23010314 0.091362612 0.77128692 0.91294365 0.28387716
0.082311943 0.403192 1.8657659 0.23868864 0.87430914 0.011369276 0.60630709 1.3152871 0.45284844 0.033884668 0.75086225 0.50456549 0.72339426 0.15287838 0.95396611 0.9180226 0.24663226
0.098585619 0.39933783 1.7678372 0.28586382 0.61155601 0.025376063 0.7256798 1.3021922 0.2039162 0.015427159 0.6016386 1.1622942 0.34356029 0.24201916 1.0362863 0.857386 0.31732716
0.11807672 0.32734469 1.572544 0.45584728 0.80821509 0.11784974 1.081275 0.96982752 0.84624144 0.051129527 0.64617988 1.2748796 0.777952 0.37871342 1.1692243 0.84713196 0.97250231
0.14142136 0.26723922 1.3560294 0.59740614 1.1583341 0.42933448 1.2638721 0.99728954 0.76382895 0.33357702 1.2034445 1.1070926 0.90415896 0.45920119 1.3821706 0.92026605 1.4778024
0.1693814 0.72732644 2.2781182 0.69535551 1.3508399 0.93337708 2.5366526 0.89525699 0.95825786 1.3690691 3.0770369 1.7427908 0.8828283 0.78892137 2.2701647 1.2432291 1.9421027
0.20286935 1.7470967 4.1911033 1.3593018 1.4006578 1.9800003 4.6418014 1.3354269 1.3995946 3.1683477 5.7702719 3.2323113 1.1699946 1.2968284 3.6513948 2.3278342 2.1955944
0.24297811 1.9239042 4.252328 1.5750688 1.9734028 2.5041581 5.2974276 1.7736468 1.76495 3.2084799 6.1388075 3.7870778 2.2832905 2.5307834 3.908584 2.3527015 2.7695945
0.29101666 2.0899488 4.7156134 2.1769189 2.0366286 2.9866587 6.2146521 3.0161238 1.8363019 3.2550643 6.953524 3.8232362 2.7392446 5.1640169 5.4508347 2.5988894 3.6013225
0.3485528 3.0503316 5.8840188 2.8765416 2.9540099 4.4996245 8.1508321 4.4920499 2.4744629 4.0414249 7.4609682 5.5732892 4.1434841 13.66567 10.629471 3.1970694 5.4551341
0.41746425 4.159163 7.3712649 3.1197913 3.4897692 6.0977095 11.04804 8.5938824 6.7246915 5.8534553 10.541818 10.14086 5.6951242 28.874569 21.716078 9.0235618 17.864445
0.5 6.3282058 9.5241438 3.9922829 4.3573089 14.785975 23.967354 30.689031 25.069711 12.868222 20.860956 30.444837 18.186421 59.818746 45.658545 31.598135 38.598947
