0.04 0.027750044 0.016568423 0.043904541 0.0033650444 0.062325494 0.074164845 0.25119702 0.086199698 0.033896491 0.066791705 0.21405864 0.11545108 0.0047006535 0.01922725 0.34962571 0.14675072
0.047908294 0.0063269781 0.003787459 0.1893699 0.0093409615 0.0072537952 0.041829281 0.30632728 0.16582447 0.011798179 0.014107475 0.33160413 0.1873363 0.010514202 0.00024169363 0.47726086 0.24630157
0.057380116 0.00086761866 0.00097872477 0.72615382 0.16851378 0.0014493935 0.073845062 0.27370313 0.18527132 0.041257887 0.0033832298 0.51136306 0.18209579 0.048044849 0.00030924919 0.81065729 0.33498077
0.068724587 0.047747808 0.073378609 1.2775917 0.66106237 0.0077215659 0.099955762 0.27594876 0.23097072 0.0030430191 0.0011564686 0.57540814 0.26276869 0.10782216 0.02834973 1.2073473 0.50858206
0.082311943 0.11705942 0.033184263 0.9459197 0.69849573 0.020418609 0.12472073 0.23304879 0.30837026 0.0064794496 0.086037113 0.9241854 0.28003324 0.30545601 0.14731385 1.7389396 0.5890212
0.098585619 0.082834427 0.005085556 0.78722843 0.9598363 0.0099464819 0.050430047 0.68730576 1.0428751 0.019545107 0.12397602 0.56107722 0.26672286 0.64173586 0.43822215 2.8303675 0.5430258
0.11807672 0.092327362 0.0036380326 0.76342741 0.96217126 0.071246488 0.038382228 3.0425176 0.89316707 0.025358536 0.029952409 0.72844872 0.2589463 0.84378911 0.69706107 3.4012532 0.34649378
0.14142136 0.18263751 0.030931896 1.0658047 0.90045854 0.18303359 0.093681837 1.804648 1.3925354 0.065798717 0.24258206 1.158751 0.45693499 1.1535369 1.1192626 4.1905728 0.62093368
0.1693814 0.23588266 0.097372944 1.6650679 1.5660817 0.25409057 0.1927825 2.3459562 1.6602673 0.23133244 0.18772603 1.5483232 1.0851768 1.567331 1.8597587 4.8269021 2.344739
0.20286935 0.32748869 0.16739993 2.1634186 2.1134482 0.27156953 0.3469455 2.9366147 2.5601936 0.31225771 0.36073596 2.4172187 2.3336368 2.743193 3.4837577 5.9508475 6.8382714
0.24297811 0.85118292 0.79948836 2.7764319 2.3820956 0.37917566 0.54986714 3.0705015 3.2211242 0.36091672 0.5402417 2.4218704 3.2628005 2830.2597 7.7967974 8.4768811 13.092126
0.29101666 1.3289363 1.4705632 4.4987915 2.940845 2.0013846 1.36169 3.453113 4.3545863 2.1781529 1.4226001 2.838474 4.2091134 10870.941 6324.4918 21.757681 22.461425
0.3485528 2.6913458 3.7521856 7.7328762 4.5314914 4.6952448 2.954026 4.2406995 6.4328087 4.9489807 2.9639655 3.7992299 5.9622157 17121.941 9751.0615 38.233383 32.381003
0.41746425 6.2205046 9.5088827 15.356466 7.2177572 15.557166 11.175044 9.4050891 12.900483 15.957863 11.874398 8.9324511 13.181545 32374.238 19012.403 11488.757 67.565772
0.5 9.4418246 16.894787 24.502527 11.652322 58.284105 45.861039 40.568778 54.59393 57.098405 45.66233 38.232744 37.081259 50257.332 32753.22 17727.601 158.43497
