0.05 0.01444604 0.092570159 0.038042227 0.18094803 0.023536639 0.10041017 0.0062625358 0.075708192 0.022498535 0.29641011 0.036990893 0.090563133 0.006826756 0.10571264 0.0095611795 0.043111652
0.059341046 0.0012787394 0.22288405 0.0041898979 0.0034988685 0.00041532803 0.18769431 0.00066107717 0.15257423 0.023570156 0.41648705 0.056354051 0.14272147 0.01282827 0.10655331 0.012087937 0.076053137
0.070427194 0.15103258 0.56681655 0.11586361 0.069770859 0.0031717224 0.31949993 0.012892601 0.31129012 0.056018575 0.078897473 0.0044857526 0.22611302 0.0062069502 0.27559752 0.013654874 0.12329933
0.083584467 0.12957483 0.48559203 0.014751513 0.17440867 0.0029212127 0.51706945 0.10501337 0.48818604 0.051635507 0.31636164 0.0020447274 0.32447442 0.0027474422 0.44569627 0.078975158 0.096392323
0.099199794 0.033021923 0.31689341 0.010289103 0.50140637 0.048043083 0.69323962 0.086580777 0.79911408 0.021756336 0.14747619 0.0044588644 0.64002991 0.061488891 0.828629 0.13442505 0.11032056
0.11773239 0.0066262703 0.19738434 0.03793682 1.1558784 0.14987489 0.59205719 0.10700627 1.2413323 0.029545494 0.11751785 0.0092011901 0.82455313 0.17385389 1.2367505 0.15584483 0.063960382
0.13972726 0.0021485085 0.15411749 0.067887939 1.7763937 0.29477629 0.76253731 0.35999502 2.252658 0.023590791 0.18344016 0.044377141 2.0309394 0.32075075 1.5494437 0.57670138 0.056534213
0.16583124 0.015258255 0.27648097 0.3068273 3.0383698 0.066527521 0.78766048 0.39165348 3.1455564 0.029330915 0.35688159 0.16248923 2.5355986 0.59355526 2.187288 0.76821845 0.1506693
0.19681198 0.17210273 0.53254558 0.3972968 3.1737139 0.24943238 1.0385819 0.4684683 3.1888422 0.29372679 0.71853731 0.29521086 2.4121249 0.87787424 2.5402976 0.83838041 2.3391265
0.23358058 0.58347918 1.1417883 1.1362199 4.9103925 1.265097 1.8935958 1.5565142 4.8456868 1.4582559 1.7523625 1.5493244 4.0184803 1.4595773 3.2221092 1.3494402 12.243969
0.27721832 0.69415914 1.336159 1.4097732 6.0575222 1.9174434 2.2688152 2.4953828 6.9004027 2.2145635 1.8693582 2.6437051 6.6173891 2.7252968 4.7995902 1.5562515 26.676755
0.3290085 1.0423061 2.7171056 1.8013722 6.2826588 2.8334878 2.6965253 3.3037977 8.744947 2.9342415 2.6204771 3.4936226 7.9531779 9.5604458 11.798331 2.2594301 46.813889
0.39047417 4.7507893 6.9269226 6.9120892 6.9074355 6.0704217 4.1694849 6.5296398 12.936798 6.4852808 3.9454308 6.2096121 11.995766 37.788552 32.298999 13.857977 74.366743
0.46342291 9.8050838 13.487198 13.05304 8.0039805 14.772885 10.194275 13.281051 27.292811 15.670348 11.097238 14.702543 16.659241 94.059039 87.835965 22.693222 146.90973
0.55 16.530887 20.483276 17.837385 8.761998 26.737954 21.242216 28.214167 42.174121 26.791384 21.982342 15.433095 33.470122 180.19945 166.25725 65.70072 274.46675
0.05 0.0019601894 0.13827399 0.0022936512 0.17546834 0.099480899 0.42123943 0.037304251 0.23656678 0.016456365 0.30074716 0.036050266 0.089546306 0.099169093 0.68367371 0.034454371 0.0068959868
0.059341046 0.0021681196 0.15558379 0.0036585269 0.21907461 0.1183233 0.47611032 0.045499787 0.29117566 0.02714641 0.42721008 0.056385385 0.14891718 0.11831048 0.79231484 0.043825634 0.0075792675
0.070427194 0.0024829036 0.18488956 0.0082388053 0.32534629 0.15848751 0.5715494 0.06446387 0.4200121 0.039905959 0.075123512 0.0047124116 0.2262479 0.15946929 1.0041138 0.067583543 0.008520004
0.083584467 0.002671016 0.20693167 0.016655613 0.46543934 0.20250208 0.64720411 0.087938296 0.58312805 0.046819906 0.19448541 0.0012103733 0.33418956 0.20510511 1.2076899 0.10043304 0.0089371665
0.099199794 0.0027645134 0.22649412 0.042558384 0.77416183 0.27759397 0.72263755 0.13607474 0.92568311 0.023071767 0.14650842 0.0067231595 0.63980876 0.28414302 1.4946688 0.17690324 0.0090146321
0.11773239 0.002780214 0.23221535 0.10151213 1.2942238 0.36716407 0.75482607 0.21135773 1.4735035 0.041025063 0.12423873 0.0097903495 0.83713265 0.38015125 1.75416 0.31303245 0.010374023
0.13972726 0.003015076 0.23352993 0.23736887 2.2531752 0.47608736 0.75853223 0.34064451 2.4376747 0.026999642 0.17894124 0.03253744 2.0666226 0.49909963 1.9765492 0.57466871 0.019066691
0.16583124 0.017936987 0.27540821 0.30960683 2.9645137 0.54786163 0.78750868 0.39606105 3.1347865 0.032355427 0.35806996 0.15468069 2.5754381 0.58164796 2.1239689 0.75780219 0.13590685
0.19681198 0.19547734 0.52638297 0.38076509 3.0554652 0.55826172 1.0338515 0.50498034 3.2287063 0.28869013 0.73152922 0.28842658 2.459166 0.59217373 2.1465737 0.78667344 1.6932959
0.23358058 0.88507008 1.2508785 1.1275281 4.6205629 0.7261411 1.8405959 1.4660054 4.9060189 1.492336 1.7259475 1.5444575 4.0220811 0.73587505 2.2117607 1.2775594 8.1710006
0.27721832 1.0426461 1.4047153 1.5001856 5.9763835 0.87075629 2.0207155 2.015838 6.3883957 2.2585721 1.8687561 2.5798893 6.6250231 0.89678485 2.5493819 1.4725266 15.259517
0.3290085 1.1554951 1.642994 1.5283283 6.1469622 1.5908628 2.2222841 2.0347183 6.5916651 2.8285875 2.5742362 3.5047085 7.9486535 1.7028129 4.2224053 1.6609912 19.850129
0.39047417 2.7780365 2.4574617 3.8012702 6.5680704 5.1031758 3.5759592 5.1654284 7.0471962 6.4473143 3.9260706 6.1502584 12.122614 5.3725121 7.5953162 5.6846724 20.966315
0.46342291 3.9399403 3.9024195 7.4728244 7.2933617 6.5137168 5.3319556 8.0501209 7.7208968 15.66854 10.862352 14.590543 16.676961 6.7780563 9.591013 8.8812787 23.117268
0.55 4.6413608 4.3947433 8.9720214 7.4832715 7.7470006 6.4233634 9.3318281 7.9601643 26.70234 21.941239 15.35541 33.494226 7.9640176 11.19407 10.255796 23.425668
0.05 0.0019601894 0.13827399 0.0022936512 0.17546834 0.099480899 0.42123943 0.037304251 0.23656678 0.022995873 0.3058479 0.039133463 0.089193334 0.099169093 0.68367371 0.034454371 0.0068959868
0.059341046 0.0021681196 0.15558379 0.0036585269 0.21907461 0.1183233 0.47611032 0.045499787 0.29117566 0.029555729 0.4245305 0.053320484 0.14997273 0.11831048 0.79231484 0.043825634 0.0075792675
0.070427194 0.0024829036 0.18488956 0.0082388053 0.32534629 0.15848751 0.5715494 0.06446387 0.4200121 0.050474428 0.090268492 0.0042565385 0.22288353 0.15946929 1.0041138 0.067583543 0.008520004
