0.04 0.0015547006 0.0095848494 0.081963417 0.29363761 0.064498816 0.0011816645 0.023920835 0.0027146661 0.023996378 0.012893058 0.011655925 0.00079295264 0.017798686 0.033996351 0.011168385 0.011500509
0.047908294 0.014395481 0.037824534 0.12379459 0.32844861 0.057845215 0.0087847359 0.040239301 0.015619091 0.0085596979 0.017287813 0.011850421 0.01769795 0.013265644 0.062907627 0.010769493 0.034493006
0.057380116 0.0016038865 0.2001858 0.0062940972 0.0058559892 0.091305828 0.010738448 0.069734547 0.039991273 0.057829654 0.059672477 0.009965545 0.035911104 0.015085777 0.080508408 0.012548344 0.086081068
0.068724587 0.1502968 0.54024733 0.18201797 0.067703665 0.15818628 0.010478466 0.048744364 0.11171309 0.059482409 0.041365118 0.013756614 0.081689933 0.013381284 0.1772983 0.0025372415 0.15394295
0.082311943 0.1471047 0.42149013 0.029209267 0.2501263 0.19227241 0.021970442 0.047920917 0.18389954 0.14780624 0.027683234 0.0036932138 0.17874535 0.001750485 0.37098681 0.086252578 0.14047096
0.098585619 0.035269719 0.25729074 0.036053248 0.8302527 0.085034458 0.064928693 0.53912218 0.62044646 0.25245871 0.05548533 0.013615393 0.39467595 0.073711788 0.77189484 0.23906134 0.18497298
0.11807672 0.0098544677 0.16444531 0.10207792 1.8804715 0.03062702 1.1625068 0.95658496 1.1461357 0.24060256 0.17526389 0.024155527 0.62180204 0.19623563 1.0612861 0.33889893 0.14453188
0.14142136 0.052828182 0.26985857 0.091409587 2.0701098 0.066477675 0.55008413 0.21843879 1.8477092 0.43783449 0.50496143 0.19016879 0.86833102 0.32598442 1.3721531 0.59035308 0.35585514
0.1693814 0.32844942 0.62666691 0.45939829 2.8185902 0.36580952 1.0262248 0.59429308 2.8586716 0.80007304 0.84227763 0.72616668 1.6927642 0.5157696 1.7669545 0.72622185 3.0657854
0.20286935 0.69452182 1.0072863 1.0952849 4.2847687 0.87183729 1.5407895 1.5413515 4.5797391 1.1068064 1.4615434 1.8123691 4.5361619 0.88035426 2.1812592 1.1608867 11.055392
0.24297811 0.69221985 1.3130603 1.1429466 5.0058241 1.2818538 1.7726612 1.8881959 5.5423704 1.5439087 1.5395045 2.2461982 7.0996598 2.5004801 4.3882986 1.2907416 22.491555
0.29101666 1.0860998 2.1572657 2.1169555 5.2118667 2.0279064 2.1143994 2.6805032 6.2989347 1.9985279 1.8154497 2.4749988 7.2316847 10.765425 11.361326 3.6498278 33.814035
0.3485528 3.1675182 4.5024115 5.0781754 5.9034931 4.1086771 3.2759783 4.6497802 8.2252972 3.9212622 2.5800231 4.2116734 8.6658617 25.769688 24.929828 9.0699335 49.752624
0.41746425 7.1227854 9.6549612 10.160407 6.2946071 7.9720483 6.5145018 9.5926886 14.205823 8.0382615 6.378044 10.489057 9.592052 55.983224 55.161305 21.596431 79.487637
0.5 11.979909 15.208185 13.551266 8.2055524 24.861116 19.337283 27.699858 52.86652 23.459748 17.105935 26.365232 38.070749 123.39428 105.86345 44.060497 148.14984
