0.04 9.8631447e-29 2.7145014e-27 3.4962064e-28 5.6752272e-28 0.54552058 0.22962077 0.24738052 0.29237582 0.07791366 0.14158284 0.11655031 0.20104043 0.097139255 0.14199884 0.10931757 0.21349572
0.047908294 0.24952978 0.32068135 0.094379116 0.12459535 0.65309785 0.5035653 0.36117501 0.67964318 0.39429024 0.40505173 0.35234975 0.64525268 0.44376412 0.36878028 0.35200285 0.58158369
0.057380116 0.24993688 0.32074979 0.30707815 0.61593825 0.70015909 0.47943175 0.37232826 0.67543309 0.45604262 0.46819451 0.36303384 0.51384307 0.45951734 0.45991325 0.3623371 0.69554604
0.068724587 0.61887714 0.89416624 0.67798825 0.87228441 0.8619282 1.1153866 1.2750137 1.0561208 0.59330684 1.0471903 1.2127122 1.0084219 0.6260884 1.0404685 1.2122879 1.0091315
0.082311943 0.95403384 1.0127815 1.032002 1.0098686 1.6228203 1.2910927 1.5604987 1.0718447 1.0890703 1.101887 1.0995538 0.92274772 1.1717944 1.3306253 1.0848333 1.0489613
0.098585619 1.1484687 1.163814 1.1826003 1.3472096 1.6646109 1.6686124 3.5149636 1.9512546 1.1594713 1.1846173 1.1549002 1.4512202 1.4318111 1.8284759 1.4086558 1.5661748
0.11807672 1.1909708 1.5717152 1.8984674 1.8813152 1.7185051 2.1783977 2.5229285 2.36104 1.1820935 1.6626617 1.815692 1.9911878 1.6065413 1.5957722 3.5337284 4.1494161
0.14142136 1.5426137 2.2697994 2.6048923 2.4012016 2.221907 3.8877406 5.0788028 2.9893398 2.7338069 2.2910834 4.4070244 2.3675707 2.3620691 2.232312 4.6753819 2.3380267
0.1693814 2.3396591 3.1474917 3.4035102 3.7418097 3.0968716 5.3832605 3.6393788 4.0105563 2.3122527 10.816419 3.0476026 3.2566001 4.3132798 7.6437962 3.3006351 3.4946059
0.20286935 3.9388376 3.8953681 3.5274888 4.1704956 6.7440282 4.7790359 13.240278 5.7055998 4.6713145 4.2798685 3.7836692 5.0298171 13.062631 15.067165 11.350725 13.393105
0.24297811 6.9711442 7.5121481 5.4572544 5.3827195 8.7559847 10.971441 30.052651 8.490125 13.746898 8.5691161 28.731007 6.8393228 47.606154 39.430686 10.143177 6.97599
0.29101666 7.4397205 8.1595482 6.6934891 6.7993922 23.234667 20.008881 15.380094 15.755016 18.307004 16.537024 13.061015 12.673223 88.122397 27.115205 18.690834 52.64043
0.3485528 9.621752 10.887092 10.114565 7.6789999 63.958327 48.578657 70.588138 8.192968 9.5998627 22.79876 6.5314918 37.511 245.51636 197.64612 103.22342 24.459494
0.41746425 11.448407 14.314291 14.329931 11.446878 159.91184 120.17208 90.862289 11.55546 108.93331 112.20746 7.9833552 11.292596 3791.1857 430.94339 96.030405 578.80666
0.5 14.925867 24.792937 31.311558 15.253771 29.684466 24.781801 19.214067 14.592863 23.583963 287.60403 21.132968 363.84181 6372.1394 3513.4946 214.85254 576.11376
0.04 9.8631447e-29 2.7145014e-27 3.4962064e-28 5.6752272e-28 0.54552058 0.22962077 0.24738052 0.29237582 0.07791366 0.14158284 0.11655031 0.20104043 0.097139255 0.14199884 0.10931757 0.21349572
0.047908294 0.24952978 0.32068135 0.094379116 0.12459535 0.65309785 0.5035653 0.36117501 0.67964318 0.39429024 0.40505173 0.35234975 0.64525268 0.44376412 0.36878028 0.35200285 0.58158369
0.057380116 0.24993688 0.32074979 0.30707815 0.61593825 0.70015909 0.47943175 0.37232826 0.67543309 0.45604262 0.46819451 0.36303384 0.51384307 0.45951734 0.45991325 0.3623371 0.69554604
0.068724587 0.61887714 0.89416624 0.67798825 0.87228441 0.8619282 1.1153866 1.2750137 1.0561208 0.59330684 1.0471903 1.2127122 1.0084219 0.6260884 1.0404685 1.2122879 1.0091315
0.082311943 0.95403384 1.0127815 1.032002 1.0098686 1.6228203 1.2910927 1.5604987 1.0718447 1.0890703 1.101887 1.0995538 0.92274772 1.1717944 1.3306253 1.0848333 1.0489613
0.098585619 1.1484687 1.163814 1.1826003 1.3472096 1.6646109 1.6686124 3.5149636 1.9512546 1.1594713 1.1846173 1.1549002 1.4512202 1.4318111 1.8284759 1.4086558 1.5661748
0.11807672 1.1909708 1.5717152 1.8984674 1.8813152 1.7185051 2.1783977 2.5229285 2.36104 1.1820935 1.6626617 1.815692 1.9911878 1.6065413 1.5957722 3.5337284 4.1494161
0.14142136 1.5426137 2.2697994 2.6048923 2.4012016 2.221907 3.8877406 5.0788028 2.9893398 2.7338069 2.2910834 4.4070244 2.3675707 2.3620691 2.232312 4.6753819 2.3380267
0.1693814 2.3396591 3.1474917 3.4035102 3.7418097 3.0968716 5.3832605 3.6393788 4.0105563 2.3122527 10.816419 3.0476026 3.2566001 4.3132798 7.6437962 3.3006351 3.4946059
0.20286935 3.9388376 3.8953681 3.5274888 4.1704956 6.7440282 4.7790359 13.240278 5.7055998 4.6713145 4.2798685 3.7836692 5.0298171 13.062631 15.067165 11.350725 13.393105
0.24297811 6.9711442 7.5121481 5.4572544 5.3827195 8.7559847 10.971441 30.052651 8.490125 13.746898 8.5691161 28.731007 6.8393228 47.606154 39.430686 10.143177 6.97599
0.29101666 7.4397205 8.1595482 6.6934891 6.7993922 23.234667 20.008881 15.380094 15.755016 18.307004 16.537024 13.061015 12.673223 88.122397 27.115205 18.690834 52.64043
0.3485528 9.621752 10.887092 10.114565 7.6789999 63.958327 48.578657 70.588138 8.192968 9.5998627 22.79876 6.5314918 37.511 245.51636 197.64612 103.22342 24.459494
0.41746425 11.448407 14.314291 14.329931 11.446878 159.91184 120.17208 90.862289 11.55546 108.93331 112.20746 7.9833552 11.292596 3791.1857 430.94339 96.030405 578.80666
0.5 14.925867 24.792937 31.311558 15.253771 29.684466 24.781801 19.214067 14.592863 23.583963 287.60403 21.132968 363.84181 6372.1394 3513.4946 214.85254 576.11376
0.04 9.8631447e-29 2.7145014e-27 3.4962064e-28 5.6752272e-28 0.54552058 0.22962077 0.24738052 0.29237582 0.07791366 0.14158284 0.11655031 0.20104043 0.097139255 0.14199884 0.10931757 0.21349572
0.047908294 0.24952978 0.32068135 0.094379116 0.12459535 0.65309785 0.5035653 0.36117501 0.67964318 0.39429024 0.40505173 0.35234975 0.64525268 0.44376412 0.36878028 0.35200285 0.58158369
0.057380116 0.24993688 0.32074979 0.30707815 0.61593825 0.70015909 0.47943175 0.37232826 0.67543309 0.45604262 0.46819451 0.36303384 0.51384307 0.45951734 0.45991325 0.3623371 0.69554604
0.068724587 0.61887714 0.89416624 0.67798825 0.87228441 0.8619282 1.1153866 1.2750137 1.0561208 0.59330684 1.0471903 1.2127122 1.0084219 0.6260884 1.0404685 1.2122879 1.0091315
0.082311943 0.95403384 1.0127815 1.032002 1.0098686 1.6228203 1.2910927 1.5604987 1.0718447 1.0890703 1.101887 1.0995538 0.92274772 1.1717944 1.3306253 1.0848333 1.0489613
0.098585619 1.1484687 1.163814 1.1826003 1.3472096 1.6646109 1.6686124 3.5149636 1.9512546 1.1594713 1.1846173 1.1549002 1.4512202 1.4318111 1.8284759 1.4086558 1.5661748
0.11807672 1.1909708 1.5717152 1.8984674 1.8813152 1.7185051 2.1783977 2.5229285 2.36104 1.1820935 1.6626617 1.815692 1.9911878 1.6065413 1.5957722 3.5337284 4.1494161
0.14142136 1.5426137 2.2697994 2.6048923 2.4012016 2.221907 3.8877406 5.0788028 2.9893398 2.7338069 2.2910834 4.4070244 2.3675707 2.3620691 2.232312 4.6753819 2.3380267
0.1693814 2.3396591 3.1474917 3.4035102 3.7418097 3.0968716 5.3832605 3.6393788 4.0105563 2.3122527 10.816419 3.0476026 3.2566001 4.3132798 7.6437962 3.3006351 3.4946059
0.20286935 3.9388376 3.8953681 3.5274888 4.1704956 6.7440282 4.7790359 13.240278 5.7055998 4.6713145 4.2798685 3.7836692 5.0298171 13.062631 15.067165 11.350725 13.393105
0.24297811 6.9711442 7.5121481 5.4572544 5.3827195 8.7559847 10.971441 30.052651 8.490125 13.746898 8.5691161 28.731007 6.8393228 47.606154 39.430686 10.143177 6.97599
0.29101666 7.4397205 8.1595482 6.6934891 6.7993922 23.234667 20.008881 15.380094 15.755016 18.307004 16.537024 13.061015 12.673223 88.122397 27.115205 18.690834 52.64043
0.3485528 9.621752 10.887092 10.114565 7.6789999 63.958327 48.578657 70.588138 8.192968 9.5998627 22.79876 6.5314918 37.511 245.51636 197.64612 103.22342 24.459494
0.41746425 11.448407 14.314291 14.329931 11.446878 159.91184 120.17208 90.862289 11.55546 108.93331 112.20746 7.9833552 11.292596 3791.1857 430.94339 96.030405 578.80666
0.5 14.925867 24.792937 31.311558 15.253771 29.684466 24.781801 19.214067 14.592863 23.583963 287.60403 21.132968 363.84181 6372.1394 3513.4946 214.85254 576.11376
0.04 9.8631447e-29 2.7145014e-27 3.4962064e-28 5.6752272e-28 0.54552058 0.22962077 0.24738052 0.29237582 0.07791366 0.14158284 0.11655031 0.20104043 0.097139255 0.14199884 0.10931757 0.21349572
0.047908294 0.24952978 0.32068135 0.094379116 0.12459535 0.65309785 0.5035653 0.36117501 0.67964318 0.39429024 0.40505173 0.35234975 0.64525268 0.44376412 0.36878028 0.35200285 0.58158369
0.057380116 0.24993688 0.32074979 0.30707815 0.61593825 0.70015909 0.47943175 0.37232826 0.67543309 0.45604262 0.46819451 0.36303384 0.51384307 0.45951734 0.45991325 0.3623371 0.69554604
0.068724587 0.61887714 0.89416624 0.67798825 0.87228441 0.8619282 1.1153866 1.2750137 1.0561208 0.59330684 1.0471903 1.2127122 1.0084219 0.6260884 1.0404685 1.2122879 1.0091315
0.082311943 0.95403384 1.0127815 1.032002 1.0098686 1.6228203 1.2910927 1.5604987 1.0718447 1.0890703 1.101887 1.0995538 0.92274772 1.1717944 1.3306253 1.0848333 1.0489613
0.098585619 1.1484687 1.163814 1.1826003 1.3472096 1.6646109 1.6686124 3.5149636 1.9512546 1.1594713 1.1846173 1.1549002 1.4512202 1.4318111 1.8284759 1.4086558 1.5661748
0.11807672 1.1909708 1.5717152 1.8984674 1.8813152 1.7185051 2.1783977 2.5229285 2.36104 1.1820935 1.6626617 1.815692 1.9911878 1.6065413 1.5957722 3.5337284 4.1494161
0.14142136 1.5426137 2.2697994 2.6048923 2.4012016 2.221907 3.8877406 5.0788028 2.9893398 2.7338069 2.2910834 4.4070244 2.3675707 2.3620691 2.232312 4.6753819 2.3380267
0.1693814 2.3396591 3.1474917 3.4035102 3.7418097 3.0968716 5.3832605 3.6393788 4.0105563 2.3122527 10.816419 3.0476026 3.2566001 4.3132798 7.6437962 3.3006351 3.4946059
0.20286935 3.9388376 3.8953681 3.5274888 4.1704956 6.7440282 4.7790359 13.240278 5.7055998 4.6713145 4.2798685 3.7836692 5.0298171 13.062631 15.067165 11.350725 13.393105
0.24297811 6.9711442 7.5121481 5.4572544 5.3827195 8.7559847 10.971441 30.052651 8.490125 13.746898 8.5691161 28.731007 6.8393228 47.606154 39.430686 10.143177 6.97599
0.29101666 7.4397205 8.1595482 6.6934891 6.7993922 23.234667 20.008881 15.380094 15.755016 18.307004 16.537024 13.061015 12.673223 88.122397 27.115205 18.690834 52.64043
0.3485528 9.621752 10.887092 10.114565 7.6789999 63.958327 48.578657 70.588138 8.192968 9.5998627 22.79876 6.5314918 37.511 245.51636 197.64612 103.22342 24.459494
0.41746425 11.448407 14.314291 14.329931 11.446878 159.91184 120.17208 90.862289 11.55546 108.93331 112.20746 7.9833552 11.292596 3791.1857 430.94339 96.030405 578.80666
0.5 14.925867 24.792937 31.311558 15.253771 29.684466 24.781801 19.214067 14.592863 23.583963 287.60403 21.132968 363.84181 6372.1394 3513.4946 214.85254 576.11376
0.04 9.8631447e-29 2.7145014e-27 3.4962064e-28 5.6752272e-28 0.54552058 0.22962077 0.24738052 0.29237582 0.07791366 0.14158284 0.11655031 0.20104043 0.097139255 0.14199884 0.10931757 0.21349572
0.047908294 0.24952978 0.32068135 0.094379116 0.12459535 0.65309785 0.5035653 0.36117501 0.67964318 0.39429024 0.40505173 0.35234975 0.64525268 0.44376412 0.36878028 0.35200285 0.58158369
0.057380116 0.24993688 0.32074979 0.30707815 0.61593825 0.70015909 0.47943175 0.37232826 0.67543309 0.45604262 0.46819451 0.36303384 0.51384307 0.45951734 0.45991325 0.3623371 0.69554604
0.068724587 0.61887714 0.89416624 0.67798825 0.87228441 0.8619282 1.1153866 1.2750137 1.0561208 0.59330684 1.0471903 1.2127122 1.0084219 0.6260884 1.0404685 1.2122879 1.0091315
0.082311943 0.95403384 1.0127815 1.032002 1.0098686 1.6228203 1.2910927 1.5604987 1.0718447 1.0890703 1.101887 1.0995538 0.92274772 1.1717944 1.3306253 1.0848333 1.0489613
0.098585619 1.1484687 1.163814 1.1826003 1.3472096 1.6646109 1.6686124 3.5149636 1.9512546 1.1594713 1.1846173 1.1549002 1.4512202 1.4318111 1.8284759 1.4086558 1.5661748
0.11807672 1.1909708 1.5717152 1.8984674 1.8813152 1.7185051 2.1783977 2.5229285 2.36104 1.1820935 1.6626617 1.815692 1.9911878 1.6065413 1.5957722 3.5337284 4.1494161
0.14142136 1.5426137 2.2697994 2.6048923 2.4012016 2.221907 3.8877406 5.0788028 2.9893398 2.7338069 2.2910834 4.4070244 2.3675707 2.3620691 2.232312 4.6753819 2.3380267
0.1693814 2.3396591 3.1474917 3.4035102 3.7418097 3.0968716 5.3832605 3.6393788 4.0105563 2.3122527 10.816419 3.0476026 3.2566001 4.3132798 7.6437962 3.3006351 3.4946059
0.20286935 3.9388376 3.8953681 3.5274888 4.1704956 6.7440282 4.7790359 13.240278 5.7055998 4.6713145 4.2798685 3.7836692 5.0298171 13.062631 15.067165 11.350725 13.393105
0.24297811 6.9711442 7.5121481 5.4572544 5.3827195 8.7559847 10.971441 30.052651 8.490125 13.746898 8.5691161 28.731007 6.8393228 47.606154 39.430686 10.143177 6.97599
0.29101666 7.4397205 8.1595482 6.6934891 6.7993922 23.234667 20.008881 15.380094 15.755016 18.307004 16.537024 13.061015 12.673223 88.122397 27.115205 18.690834 52.64043
0.3485528 9.621752 10.887092 10.114565 7.6789999 63.958327 48.578657 70.588138 8.192968 9.5998627 22.79876 6.5314918 37.511 245.51636 197.64612 103.22342 24.459494
0.41746425 11.448407 14.314291 14.329931 11.446878 159.91184 120.17208 90.862289 11.55546 108.93331 112.20746 7.9833552 11.292596 3791.1857 430.94339 96.030405 578.80666
0.5 14.925867 24.792937 31.311558 15.253771 29.684466 24.781801 19.214067 14.592863 23.583963 287.60403 21.132968 363.84181 6372.1394 3513.4946 214.85254 576.11376
0.04 9.8631447e-29 2.7145014e-27 3.4962064e-28 5.6752272e-28 0.54552058 0.22962077 0.24738052 0.29237582 0.07791366 0.14158284 0.11655031 0.20104043 0.097139255 0.14199884 0.10931757 0.21349572
0.047908294 0.24952978 0.32068135 0.094379116 0.12459535 0.65309785 0.5035653 0.36117501 0.67964318 0.39429024 0.40505173 0.35234975 0.64525268 0.44376412 0.36878028 0.35200285 0.58158369
0.057380116 0.24993688 0.32074979 0.30707815 0.61593825 0.70015909 0.47943175 0.37232826 0.67543309 0.45604262 0.46819451 0.36303384 0.51384307 0.45951734 0.45991325 0.3623371 0.69554604
0.068724587 0.61887714 0.89416624 0.67798825 0.87228441 0.8619282 1.1153866 1.2750137 1.0561208 0.59330684 1.0471903 1.2127122 1.0084219 0.6260884 1.0404685 1.2122879 1.0091315
0.082311943 0.95403384 1.0127815 1.032002 1.0098686 1.6228203 1.2910927 1.5604987 1.0718447 1.0890703 1.101887 1.0995538 0.92274772 1.1717944 1.3306253 1.0848333 1.0489613
0.098585619 1.1484687 1.163814 1.1826003 1.3472096 1.6646109 1.6686124 3.5149636 1.9512546 1.1594713 1.1846173 1.1549002 1.4512202 1.4318111 1.8284759 1.4086558 1.5661748
0.11807672 1.1909708 1.5717152 1.8984674 1.8813152 1.7185051 2.1783977 2.5229285 2.36104 1.1820935 1.6626617 1.815692 1.9911878 1.6065413 1.5957722 3.5337284 4.1494161
0.14142136 1.5426137 2.2697994 2.6048923 2.4012016 2.221907 3.8877406 5.0788028 2.9893398 2.7338069 2.2910834 4.4070244 2.3675707 2.3620691 2.232312 4.6753819 2.3380267
0.1693814 2.3396591 3.1474917 3.4035102 3.7418097 3.0968716 5.3832605 3.6393788 4.0105563 2.3122527 10.816419 3.0476026 3.2566001 4.3132798 7.6437962 3.3006351 3.4946059
0.20286935 3.9388376 3.8953681 3.5274888 4.1704956 6.7440282 4.7790359 13.240278 5.7055998 4.6713145 4.2798685 3.7836692 5.0298171 13.062631 15.067165 11.350725 13.393105
0.24297811 6.9711442 7.5121481 5.4572544 5.3827195 8.7559847 10.971441 30.052651 8.490125 13.746898 8.5691161 28.731007 6.8393228 47.606154 39.430686 10.143177 6.97599
0.29101666 7.4397205 8.1595482 6.6934891 6.7993922 23.234667 20.008881 15.380094 15.755016 18.307004 16.537024 13.061015 12.673223 88.122397 27.115205 18.690834 52.64043
0.3485528 9.621752 10.887092 10.114565 7.6789999 63.958327 48.578657 70.588138 8.192968 9.5998627 22.79876 6.5314918 37.511 245.51636 197.64612 103.22342 24.459494
0.41746425 11.448407 14.314291 14.329931 11.446878 159.91184 120.17208 90.862289 11.55546 108.93331 112.20746 7.9833552 11.292596 3791.1857 430.94339 96.030405 578.80666
0.5 14.925867 24.792937 31.311558 15.253771 29.684466 24.781801 19.214067 14.592863 23.583963 287.60403 21.132968 363.84181 6372.1394 3513.4946 214.85254 576.11376
0.04 9.8631447e-29 2.7145014e-27 3.4962064e-28 5.6752272e-28 0.54552058 0.22962077 0.24738052 0.29237582 0.07791366 0.14158284 0.11655031 0.20104043 0.097139255 0.14199884 0.10931757 0.21349572
0.047908294 0.24952978 0.32068135 0.094379116 0.12459535 0.65309785 0.5035653 0.36117501 0.67964318 0.39429024 0.40505173 0.35234975 0.64525268 0.44376412 0.36878028 0.35200285 0.58158369
0.057380116 0.24993688 0.32074979 0.30707815 0.61593825 0.70015909 0.47943175 0.37232826 0.67543309 0.45604262 0.46819451 0.36303384 0.51384307 0.45951734 0.45991325 0.3623371 0.69554604
0.068724587 0.61887714 0.89416624 0.67798825 0.87228441 0.8619282 1.1153866 1.2750137 1.0561208 0.59330684 1.0471903 1.2127122 1.0084219 0.6260884 1.0404685 1.2122879 1.0091315
0.082311943 0.95403384 1.0127815 1.032002 1.0098686 1.6228203 1.2910927 1.5604987 1.0718447 1.0890703 1.101887 1.0995538 0.92274772 1.1717944 1.3306253 1.0848333 1.0489613
0.098585619 1.1484687 1.163814 1.1826003 1.3472096 1.6646109 1.6686124 3.5149636 1.9512546 1.1594713 1.1846173 1.1549002 1.4512202 1.4318111 1.8284759 1.4086558 1.5661748
0.11807672 1.1909708 1.5717152 1.8984674 1.8813152 1.7185051 2.1783977 2.5229285 2.36104 1.1820935 1.6626617 1.815692 1.9911878 1.6065413 1.5957722 3.5337284 4.1494161
0.14142136 1.5426137 2.2697994 2.6048923 2.4012016 2.221907 3.8877406 5.0788028 2.9893398 2.7338069 2.2910834 4.4070244 2.3675707 2.3620691 2.232312 4.6753819 2.3380267
0.1693814 2.3396591 3.1474917 3.4035102 3.7418097 3.0968716 5.3832605 3.6393788 4.0105563 2.3122527 10.816419 3.0476026 3.2566001 4.3132798 7.6437962 3.3006351 3.4946059
0.20286935 3.9388376 3.8953681 3.5274888 4.1704956 6.7440282 4.7790359 13.240278 5.7055998 4.6713145 4.2798685 3.7836692 5.0298171 13.062631 15.067165 11.350725 13.393105
0.24297811 6.9711442 7.5121481 5.4572544 5.3827195 8.7559847 10.971441 30.052651 8.490125 13.746898 8.5691161 28.731007 6.8393228 47.606154 39.430686 10.143177 6.97599
0.29101666 7.4397205 8.1595482 6.6934891 6.7993922 23.234667 20.008881 15.380094 15.755016 18.307004 16.537024 13.061015 12.673223 88.122397 27.115205 18.690834 52.64043
0.3485528 9.621752 10.887092 10.114565 7.6789999 63.958327 48.578657 70.588138 8.192968 9.5998627 22.79876 6.5314918 37.511 245.51636 197.64612 103.22342 24.459494
0.41746425 11.448407 14.314291 14.329931 11.446878 159.91184 120.17208 90.862289 11.55546 108.93331 112.20746 7.9833552 11.292596 3791.1857 430.94339 96.030405 578.80666
0.5 14.925867 24.792937 31.311558 15.253771 29.684466 24.781801 19.214067 14.592863 23.583963 287.60403 21.132968 363.84181 6372.1394 3513.4946 214.85254 576.11376
0.04 9.8631447e-29 2.7145014e-27 3.4962064e-28 5.6752272e-28 0.54552058 0.22962077 0.24738052 0.29237582 0.093455141 0.14125426 0.11935328 0.2020858 0.097139255 0.14199884 0.10931757 0.21349572
0.047908294 0.24952978 0.32068135 0.094379116 0.12459535 0.65309785 0.5035653 0.36117501 0.67964318 0.39313914 0.40686829 0.35254334 0.64658234 0.44376412 0.36878028 0.35200285 0.58158369
0.057380116 0.24993688 0.32074979 0.30707815 0.61593825 0.70015909 0.47943175 0.37232826 0.67543309 0.47152629 0.46886372 0.3629129 0.65111755 0.45951734 0.45991325 0.3623371 0.69554604
0.068724587 0.61887714 0.89416624 0.67798825 0.87228441 0.8619282 1.1153866 1.2750137 1.0561208 0.6189556 1.0474745 1.2139935 1.0085317 0.6260884 1.0404685 1.2122879 1.0091315
0.082311943 0.95403384 1.0127815 1.032002 1.0098686 1.6228203 1.2910927 1.5604987 1.0718447 1.0901945 1.1311737 1.4271622 1.0104868 1.1717944 1.3306253 1.0848333 1.0489613
0.098585619 1.1484687 1.163814 1.1826003 1.3472096 1.6646109 1.6686124 3.5149636 1.9512546 1.1487219 1.1833531 2.4926752 1.4781059 1.4318111 1.8284759 1.4086558 1.5661748
0.11807672 1.1909708 1.5717152 1.8984674 1.8813152 1.7185051 2.1783977 2.5229285 2.36104 1.2208178 1.6827693 1.8158389 2.1338345 1.6065413 1.5957722 3.5337284 4.1494161
0.14142136 1.5426137 2.2697994 2.6048923 2.4012016 2.221907 3.8877406 5.0788028 2.9893398 1.540308 2.2737274 4.4130379 2.3172423 2.3620691 2.232312 4.6753819 2.3380267
0.1693814 2.3396591 3.1474917 3.4035102 3.7418097 3.0968716 5.3832605 3.6393788 4.0105563 2.53934 112.53762 7.1203902 3.2634471 4.3132798 7.6437962 3.3006351 3.4946059
0.20286935 3.9388376 3.8953681 3.5274888 4.1704956 6.7440282 4.7790359 13.240278 5.7055998 5.4131641 4.1795649 164.29539 5.2728933 13.062631 15.067165 11.350725 13.393105
0.24297811 6.9711442 7.5121481 5.4572544 5.3827195 8.7559847 10.971441 30.052651 8.490125 13.810927 11.487065 28.285662 6.9890242 47.606154 39.430686 10.143177 6.97599
0.29101666 7.4397205 8.1595482 6.6934891 6.7993922 23.234667 20.008881 15.380094 15.755016 21.973793 18.380568 53.483935 12.982349 88.122397 27.115205 18.690834 52.64043
0.3485528 9.621752 10.887092 10.114565 7.6789999 63.958327 48.578657 70.588138 8.192968 69.167258 39.714652 105.41056 29.595201 245.51636 197.64612 103.22342 24.459494
0.41746425 11.448407 14.314291 14.329931 11.446878 159.91184 120.17208 90.862289 11.55546 149.73956 114.54964 6877.0675 121.2366 3791.1857 430.94339 96.030405 578.80666
0.5 14.925867 24.792937 31.311558 15.253771 29.684466 24.781801 19.214067 14.592863 382.02066 2427.7138 867.47726 358.79012 6372.1394 3513.4946 214.85254 576.11376
0.04 9.8631447e-29 2.7145014e-27 3.4962064e-28 5.6752272e-28 0.54552058 0.22962077 0.24738052 0.29237582 0.07791366 0.14158284 0.11655031 0.20104043 0.097139255 0.14199884 0.10931757 0.21349572
0.047908294 0.24952978 0.32068135 0.094379116 0.12459535 0.65309785 0.5035653 0.36117501 0.67964318 0.39429024 0.40505173 0.35234975 0.64525268 0.44376412 0.36878028 0.35200285 0.58158369
0.057380116 0.24993688 0.32074979 0.30707815 0.61593825 0.70015909 0.47943175 0.37232826 0.67543309 0.45604262 0.46819451 0.36303384 0.51384307 0.45951734 0.45991325 0.3623371 0.69554604
0.068724587 0.61887714 0.89416624 0.67798825 0.87228441 0.8619282 1.1153866 1.2750137 1.0561208 0.59330684 1.0471903 1.2127122 1.0084219 0.6260884 1.0404685 1.2122879 1.0091315
0.082311943 0.95403384 1.0127815 1.032002 1.0098686 1.6228203 1.2910927 1.5604987 1.0718447 1.0890703 1.101887 1.0995538 0.92274772 1.1717944 1.3306253 1.0848333 1.0489613
0.098585619 1.1484687 1.163814 1.1826003 1.3472096 1.6646109 1.6686124 3.5149636 1.9512546 1.1594713 1.1846173 1.1549002 1.4512202 1.4318111 1.8284759 1.4086558 1.5661748
0.11807672 1.1909708 1.5717152 1.8984674 1.8813152 1.7185051 2.1783977 2.5229285 2.36104 1.1820935 1.6626617 1.815692 1.9911878 1.6065413 1.5957722 3.5337284 4.1494161
0.14142136 1.5426137 2.2697994 2.6048923 2.4012016 2.221907 3.8877406 5.0788028 2.9893398 2.7338069 2.2910834 4.4070244 2.3675707 2.3620691 2.232312 4.6753819 2.3380267
0.1693814 2.3396591 3.1474917 3.4035102 3.7418097 3.0968716 5.3832605 3.6393788 4.0105563 2.3122527 10.816419 3.0476026 3.2566001 4.3132798 7.6437962 3.3006351 3.4946059
0.20286935 3.9388376 3.8953681 3.5274888 4.1704956 6.7440282 4.7790359 13.240278 5.7055998 4.6713145 4.2798685 3.7836692 5.0298171 13.062631 15.067165 11.350725 13.393105
0.24297811 6.9711442 7.5121481 5.4572544 5.3827195 8.7559847 10.971441 30.052651 8.490125 13.746898 8.5691161 28.731007 6.8393228 47.606154 39.430686 10.143177 6.97599
0.29101666 7.4397205 8.1595482 6.6934891 6.7993922 23.234667 20.008881 15.380094 15.755016 18.307004 16.537024 13.061015 12.673223 88.122397 27.115205 18.690834 52.64043
0.3485528 9.621752 10.887092 10.114565 7.6789999 63.958327 48.578657 70.588138 8.192968 9.5998627 22.79876 6.5314918 37.511 245.51636 197.64612 103.22342 24.459494
0.41746425 11.448407 14.314291 14.329931 11.446878 159.91184 120.17208 90.862289 11.55546 108.93331 112.20746 7.9833552 11.292596 3791.1857 430.94339 96.030405 578.80666
0.5 14.925867 24.792937 31.311558 15.253771 29.684466 24.781801 19.214067 14.592863 23.583963 287.60403 21.132968 363.84181 6372.1394 3513.4946 214.85254 576.11376
