0.03 0.0021727156 0.028481437 0.1330224 0.061663326 0.025083603 0.1652939 1.4124019 0.030182328 0.0012367167 0.17841582 1.0508515 0.021249221 0.0049693262 0.19306731 1.1667941 0.04272151
0.041445885 0.0065754763 0.10816173 0.49670838 0.51731628 0.018336917 0.55454913 0.84313944 1.3217222 0.033672908 0.81575623 0.70775334 0.92890717 0.040284445 0.51453523 0.80869707 0.99994794
0.057258712 0.16730777 1.260457 0.080785382 0.64274139 0.014038418 0.61379833 1.11998 0.020235752 0.070727758 1.0573825 0.66984855 0.64657857 0.075686247 0.73697301 0.93028962 0.50820628
0.079104599 0.48973024 2.3491394 0.27601475 1.1525549 0.0044837518 0.73078246 1.5956395 0.36629158 0.038688555 0.98218882 0.96222662 1.147848 0.16075355 1.1081015 1.1069217 0.27029267
0.10928534 0.34637833 1.9918971 0.35945818 0.60176097 0.11588779 0.96483679 1.7339502 0.097456004 0.0092400008 0.66151959 1.5672668 0.75023148 0.3378759 1.3649502 1.064324 0.21140365
0.15098091 0.31477488 1.3922803 0.73172376 1.0897397 0.58631077 1.5462506 1.1650653 0.81562213 0.075241139 0.91626764 1.3876083 1.1723185 0.62549401 1.5260191 1.1700078 1.2960697
0.20858459 0.83242842 2.7303408 0.9519028 1.8100289 1.1262842 3.2359595 0.79958174 1.5854663 1.3626694 3.3935426 1.8341849 1.1071709 1.0951846 2.716186 1.4337999 2.7476617
0.28816576 2.2741813 5.2845518 1.8827383 2.3746758 3.6865754 7.3107693 3.3315445 1.9665603 4.6647962 8.833082 4.4857343 2.4261192 3.5405719 4.5897624 2.4987507 4.3645133
0.39810949 4.2561321 7.6029686 3.1607973 3.2630708 6.4718649 11.303901 8.6001352 4.5115533 6.2379324 10.326409 9.7026085 5.9778187 22.055653 15.707104 4.8307282 10.572475
0.55 9.1047854 11.166782 3.9033326 4.8190114 14.349561 23.32032 29.977274 25.884554 14.766774 23.074358 33.567139 18.854541 95.100761 73.392144 43.364133 28.065554
