-1.750 -1.810 
-1.530 -1.543 
-0.670 -0.878 
-0.720 -0.807 
-1.320 -1.426 
-1.260 -1.303 
-1.270 -1.324 
-1.180 -1.139 
-1.920 -2.000 
-1.140 -1.321 
-1.590 -1.571 
-1.800 -1.769 
-2.230 -2.277 
-1.850 -2.093 
-2.100 -1.947 
-2.270 -2.329 
-1.530 -1.630 
-1.500 -1.533 
-1.690 -1.707 
-1.980 -1.849 
-1.290 -1.299 
-0.490 -0.625 
-1.590 -1.660 
-1.750 -1.792 
-1.980 -1.840 
-1.160 -1.223 
-1.760 -1.755 
-1.530 -1.478 
-1.370 -1.510 
-1.560 -1.750 
-0.450 -0.642 
-2.310 -2.244 
-0.640 -0.816 
-0.990 -1.114 
-0.590 -0.876 
-0.550 -0.787 
-2.020 -2.062 
-2.150 -2.160 
-0.460 -0.649 
-0.460 -0.573 
-1.790 -1.820 
-1.810 -1.977 
-1.500 -1.563 
-0.440 -0.613 
-0.640 -0.839 
-0.810 -0.855 
-1.700 -1.704 
-1.620 -1.681 
-1.490 -1.539 
-1.260 -1.293 
-1.100 -1.057 
-1.540 -1.569 
-1.980 -2.128 
-1.940 -1.804 
-0.780 -0.908 
-1.470 -1.543 
-1.420 -1.468 
-1.520 -1.513 
-2.370 -2.362 
-1.650 -1.653 
-2.270 -2.224 
-0.650 -0.689 
-0.850 -0.857 
-2.070 -2.063 
-1.200 -1.125 
-1.680 -1.616 
-0.320 -0.525 
-2.160 -2.224 
