13.56 0.20 11.6 2.0 -0.76 3 #NGC104
14.91 0.15 11.5 2.0 -1.32 4 #NGC288
15.61 0.11 12.9 1.5 -1.96 8 #NGC2298
15.38 0.10 12.5 1.3 -2.27 12 #NGC4590
16.58 0.11 13.1 1.3 -2.06 14 #NGC5024
16.31 0.10 13.2 1.3 -2.30 15 #NGC5053
15.18 0.14 11.3 1.8 -1.50 17 #NGC5272
16.16 0.10 13.4 1.3 -2.31 19 #NGC5466
14.57 0.15 10.8 2.0 -1.33 20 #NGC5904
16.06 0.11 13.6 1.5 -1.98 24 #NGC6101
14.55 0.13 12.2 1.7 -1.58 27 #NGC6205 
14.84 0.12 13.1 1.5 -2.35 31 #NGC6341
14.76 0.19 11.4 2.0 -1.07 33 #NGC6362
15.00 0.12 12.4 1.5 -1.82 41 #NGC6541
16.16 0.13 11.6 1.7 -1.50 42 #NGC6584 
15.27 0.19 11.4 2.0 -0.76 45 #NGC6652
15.27 0.13 12.7 1.7 -1.62 47 #NGC6681
14.86 0.20 11.9 2.0 -1.10 50 #NGC6723
13.37 0.13 12.6 1.7 -1.55 51 #NGC6752
14.19 0.11 11.4 1.4 -1.93 53 #NGC6809
15.69 0.10 12.6 1.3 -2.33 58 #NGC7078
14.88 0.11 12.7 1.3 -2.33 60 #NGC7099
