0 206 0.030712865356978713
1 462 0.025113633245035655
8 248 0.03166169959923521
10 310 0.03259485036050943
11 272 0.01930140528757682
12 426 0.02632490976555439
13 669 0.02467387699055668
14 1643 0.021092022200828002
15 139 0.02333374378476591
16 3121 0.02617878630445515
17 1632 0.022782488574078708
18 2316 0.029252782255637308
19 153 0.02106463555106251
22 499 0.032096012878779535
23 1870 0.030048694740335526
24 405 0.0260222183936841
26 281 0.034299079723740904
29 398 0.02921522660470394
30 729 0.029880995167648826
32 1293 0.022859392702204655
37 80 0.03302272221530746
38 318 0.035699286192761005
41 92 0.035797316080186894
42 1160 0.02948306673945446
43 620 0.025364441710159443
47 865 0.02853400135832774
48 675 0.02863259987681007
49 7270 0.03736440827519343
52 598 0.02403297999105121
53 535 0.03052205663724577
54 387 0.022472877940593754
56 774 0.022679176890871556
58 929 0.025471666200690288
59 2188 0.02839525400493025
60 2749 0.025671780867743747
61 520 0.032869174046061767
64 167 0.03335697503248425
66 200 0.037132624472423464
68 205 0.02810136025706607
Using the mean of all the 39 GCs 
39GCs 37404 0.03090615374449343
Using the median of the sample 
39GCs 37401 0.030901244131311165
