0.05 0.84040299 0.88266749 1.0185608 1.2867302 -0.018065387 -0.015030291 0.009909132 0.052859276
0.059341046 0.84092677 0.88272951 1.0179955 1.2819306 -0.013224827 -0.0036283781 0.014237041 0.011150901
0.070427194 0.84196201 0.88298391 1.0186213 1.2870873 0.031442355 -0.0040488933 0.015642787 -0.019171174
0.083584467 0.84135495 0.87915039 1.0090155 1.2857086 0.035891228 0.002808479 0.015761328 0.074304712
0.099199794 0.8411887 0.87812409 1.0079101 1.2831612 -0.00036823431 0.0090942679 0.022252078 0.021401566
0.11773239 0.84129699 0.87794139 1.0056409 1.2821121 0.0018692933 0.0093764191 0.019547535 0.030523902
0.13972726 0.84038042 0.8820973 1.0148016 1.2847673 -0.00047305163 0.020865499 0.044835737 0.037238695
0.16583124 0.84085342 0.87832914 1.0153634 1.2832474 0.0031459219 0.010193281 0.039621301 0.050364549
0.19681198 0.83906486 0.87831949 1.0131468 1.2804936 0.0052980761 0.01471503 0.037880558 0.052260945
0.23358058 0.83832838 0.87769431 1.0129491 1.2784464 0.0087084458 0.018189046 0.041199523 0.054924814
0.27721832 0.83581794 0.87579053 1.0102981 1.272089 0.0062672504 0.020149068 0.040028211 0.042476036
0.3290085 0.83336847 0.87295802 1.0071371 1.2703767 0.011500478 0.021839636 0.041700077 0.061503533
0.39047417 0.82708353 0.8672717 1.00129 1.2824032 0.006904886 0.019584787 0.039333139 -0.039484766
0.46342291 0.81232792 0.85314995 0.98950332 1.2507183 -0.0090244403 0.01107306 0.037886979 0.058786061
0.55 0.81967353 0.84055828 0.97593071 1.2475048 0.044363979 -0.0063556385 0.028157499 -0.15591478
