0.04 2.5374061e-27 1.1382127e-27 1.621817e-27 5.2858905e-28 0.19317047 0.23792427 0.31131368 0.9218788 0.17814751 0.18727128 0.24256457 0.86753777 0.17541945 0.18849465 0.25176802 0.77245321 4
0.042115883 0.20645773 0.19565948 0.12190407 0.15000463 0.81530097 0.50127676 1.8505233 0.99551777 0.40967617 0.21258651 0.28222709 0.063349668 0.30127686 0.20625534 0.23722212 0.77565632 5
0.04434369 0.20645773 0.19565948 0.12190407 0.15000463 0.81530097 0.50127676 1.8505233 0.99551777 0.40967617 0.21258651 0.28222709 0.063349668 0.30127686 0.20625534 0.23722212 0.77565632 5
0.046689341 0.20645773 0.19565948 0.12190407 0.15000463 0.81530097 0.50127676 1.8505233 0.99551777 0.40967617 0.21258651 0.28222709 0.063349668 0.30127686 0.20625534 0.23722212 0.77565632 5
0.049159071 0.30299237 0.20976099 0.12217405 0.23738933 0.80867813 0.45256257 1.8664038 1.197229 0.48392091 0.29744858 0.85740539 1.1155564 0.44398286 0.33005359 1.0109124 1.0220361 6
0.051759442 0.30299237 0.20976099 0.12217405 0.23738933 0.80867813 0.45256257 1.8664038 1.197229 0.48392091 0.29744858 0.85740539 1.1155564 0.44398286 0.33005359 1.0109124 1.0220361 6
0.054497365 0.36320323 0.30330669 0.92083384 1.2131376 0.81106071 0.56762352 1.9234331 1.3577319 0.55752714 0.30438191 0.92712004 1.2770378 0.53209212 0.33237056 1.0115193 1.2834352 7
0.057380116 0.36320323 0.30330669 0.92083384 1.2131376 0.81106071 0.56762352 1.9234331 1.3577319 0.55752714 0.30438191 0.92712004 1.2770378 0.53209212 0.33237056 1.0115193 1.2834352 7
0.060415356 0.42339672 0.33531246 0.92906078 1.2192072 1.138941 1.059851 3.1788349 1.4088479 1.0479398 0.64369722 1.2202382 1.0579719 1.0507903 0.90134933 1.7238351 1.2560559 8
0.063611152 0.42339672 0.33531246 0.92906078 1.2192072 1.138941 1.059851 3.1788349 1.4088479 1.0479398 0.64369722 1.2202382 1.0579719 1.0507903 0.90134933 1.7238351 1.2560559 8
0.066975996 1.096506 0.88407241 1.7957039 1.3219103 1.309001 1.2207078 4.0226504 1.3953802 1.2603234 1.1590645 3.2581314 1.3396208 1.2610032 1.1603802 3.4227907 1.3387062 9
0.07051883 1.096506 0.88407241 1.7957039 1.3219103 1.309001 1.2207078 4.0226504 1.3953802 1.2603234 1.1590645 3.2581314 1.3396208 1.2610032 1.1603802 3.4227907 1.3387062 9
0.074249069 1.1754424 1.020476 2.7718958 1.3662741 1.5097533 1.3665139 4.2463457 1.5048489 1.2642027 1.1776449 2.5164647 1.3674481 1.2351651 1.1772616 3.587085 1.4037091 10
0.078176628 1.1754424 1.020476 2.7718958 1.3662741 1.5097533 1.3665139 4.2463457 1.5048489 1.2642027 1.1776449 2.5164647 1.3674481 1.2351651 1.1772616 3.587085 1.4037091 10
0.082311943 1.2124839 1.025576 3.3097385 1.3910015 1.8067843 1.5578114 3.9320857 1.4970372 1.6190001 1.4612235 3.3201972 1.4451588 1.621378 1.4554795 3.5869565 2.2969081 11
0.086666004 1.39684 1.2069902 3.3326094 1.4421599 1.9299603 1.6935084 4.5392186 1.5188893 1.4063864 1.2130098 3.0433126 1.4504312 1.7950449 1.5448313 3.7956278 2.4403801 12
0.091250382 1.5678235 1.3208639 3.417152 1.4623566 2.0324998 1.84984 4.6166042 1.6326101 1.815528 1.3998828 3.0901661 1.5739233 1.835574 1.4331291 3.8014974 1.636524 13
0.09607726 1.5678235 1.3208639 3.417152 1.4623566 2.0324998 1.84984 4.6166042 1.6326101 1.815528 1.3998828 3.0901661 1.5739233 1.835574 1.4331291 3.8014974 1.636524 13
0.10115947 1.5829408 1.3599309 3.4272231 1.7967854 2.015749 2.2486474 4.2641179 2.6170138 1.6148508 1.4588114 3.2459343 1.8225788 1.8821101 2.3216253 3.9244188 1.8589175 14
0.10651051 1.6212681 1.5497319 3.4946686 2.3514901 2.0500166 2.200183 4.2727679 2.6442425 1.5905434 1.5691772 3.5006683 2.4467222 2.0819038 2.326364 3.950057 2.4762748 15
0.1121446 1.6216792 1.5550648 3.7142581 2.5111368 2.4843452 2.7349453 4.5298207 2.8437071 2.3758142 1.5318146 3.5262096 2.5166757 2.3854207 2.4738563 3.6416389 2.5286223 16
0.11807672 1.642759 1.5555225 3.7547803 2.6458665 2.7257827 3.2762741 5.1541509 3.4703567 1.7665154 1.6304781 3.6815379 2.7795681 2.0068058 2.8483203 3.9067138 2.798649 17
0.12432263 1.8249831 1.7058772 4.1043711 2.8752623 2.7680006 2.5311361 5.2192199 3.4649132 2.6260906 1.8697446 4.139863 2.8921174 2.6239773 2.8505638 4.237468 2.8902257 18
0.13089894 1.8710023 1.783843 4.1636393 3.246539 3.0738773 3.2161951 5.4828197 4.5949026 2.2495936 2.9465059 4.4001318 3.779554 2.4763861 2.9052234 4.6550848 3.6421036 19
0.13782311 2.6150603 2.2691299 4.3706525 3.8190808 3.8860053 2.9937253 5.5181501 4.5912665 3.6802532 2.3009677 4.3996744 3.861217 2.8591135 2.7107504 4.6908488 3.80035 20
0.14511355 2.6377442 2.2691304 4.392115 4.2525525 4.0205878 3.9577666 6.2572068 4.6079606 3.6097656 2.1002093 4.8213326 4.2892732 3.7543437 3.623399 5.2466698 3.9887861 21
0.15278963 2.7025102 2.3206106 5.2761656 4.2859221 4.5723314 3.0064967 6.2770007 4.6205361 4.1471628 2.4125881 5.306149 3.9896502 4.2660168 2.7429257 5.5330937 3.9931277 22
0.16087175 2.909593 2.5512513 6.6987156 4.3324781 4.6295939 3.232065 7.8662723 4.6607629 3.2038235 3.8326974 5.8364713 3.9965982 3.2310886 4.3912487 6.7326568 4.0056382 24
0.1693814 2.9329633 2.5617901 6.9619678 4.3735599 3.4023623 3.2054116 7.8924204 4.7296849 3.2636826 2.5670209 6.174906 4.047393 3.2314576 2.9014521 7.3077004 4.0470717 25
0.17834118 3.2870048 2.7991947 7.0304614 4.3754197 5.4283838 3.5412281 8.1895581 4.8144883 5.0416953 2.7248812 6.293954 4.1034874 5.1918197 3.2099922 7.6945212 4.0891788 26
0.1877749 3.3478629 2.8043816 7.1344494 4.4739948 3.8704226 3.5830205 8.1529371 4.9935928 5.441585 2.7738974 6.8818785 4.2964448 5.8945755 3.2854558 7.8527391 4.1950425 28
0.19770765 3.592374 2.9448192 7.1411053 4.5206855 4.2573511 3.8559178 8.1906191 5.0501756 3.7275854 2.8257914 6.5709793 4.3750388 4.0219641 5.5738655 8.1394437 4.216754 29
0.2081658 4.1407857 3.2774385 7.1959297 4.6408636 4.7005599 4.0121726 8.2245738 5.3904138 7.5433748 3.1692318 6.7813475 4.4917974 7.6254896 6.8326999 8.5661099 4.2883905 31
0.21917717 4.2982784 3.6348424 7.2407356 4.7815121 9.5122147 4.2423348 8.2875366 5.7358396 4.0970063 3.163452 7.04984 4.9391107 4.538375 8.1823537 8.7334586 4.6359933 33
0.230771 6.1412694 4.9292983 8.1739274 4.9240464 17.168755 14.254947 9.0376224 6.4588216 6.9800095 4.2457446 7.5072194 5.4676321 9.1344568 5.3499444 10.282562 5.1543103 35
0.24297811 6.289464 4.9704936 8.2946914 5.8059884 9.5665324 6.1090366 9.0083937 8.0435294 5.9948308 4.1383871 7.4127218 6.6051184 18.964671 6.3947061 8.4082325 6.3264008 37
0.25583094 6.7715094 5.1606314 8.382679 5.8419118 9.8734233 6.9880763 9.5483311 8.72925 5.3043579 4.8182317 8.0867739 7.2958453 22.354959 18.503026 8.7426003 6.8144955 39
0.26936365 6.8899242 5.1796434 8.5459602 6.3792811 42.875181 28.188984 10.015176 9.3096556 7.9434886 5.6212597 8.7462403 7.9233992 34.279718 8.6178843 9.4973293 7.1817208 41
0.28361219 7.1354776 5.2984899 8.7379137 6.7600993 41.261775 6.9397508 10.402146 10.445622 9.4580223 5.9029393 7.315758 8.8050642 35.666964 25.386806 10.067059 7.9280558 43
0.29861445 7.2892286 5.8478754 9.3213502 7.316206 54.227637 8.7451372 12.222377 15.291272 8.4516989 6.4006737 7.655098 11.549052 45.764925 35.209547 12.135199 11.757452 46
0.31441028 7.8511635 6.3330928 9.4196078 7.3531643 70.355261 9.7681084 13.159268 16.355475 57.590271 8.0210178 7.6721927 11.841751 59.089032 46.794648 25.294448 12.529433 48
0.33104166 9.4917785 8.2074656 9.9840832 7.7688469 18.057249 7.0098032 16.108962 20.43054 10.532675 12.018774 14.380526 9.1963815 74.588935 60.216152 17.133901 15.749398 51
0.3485528 10.063253 8.6611854 10.538512 8.034329 19.620831 14.955802 19.617325 25.416064 17.178209 14.18605 17.55038 6.6608193 30.504325 68.056729 21.58067 55.056142 53
0.36699022 10.60546 9.0722538 10.669388 8.5152533 126.00238 19.838498 26.347528 38.601283 111.51477 7.5890667 19.49413 27.153468 40.583979 97.818533 56.865837 31.344975 56
0.38640293 11.583634 10.517071 11.107211 9.0479943 169.95892 29.435054 36.2887 52.121458 158.0946 22.10449 28.319041 10.530603 154.50471 121.3455 40.205204 41.016244 60
0.40684251 12.701092 12.319901 12.263026 9.6646057 50.398168 39.416389 10.516433 9.9223903 8.2568005 39.661554 35.47309 55.293788 67.225095 182.17666 50.493479 48.838201 63
0.42836329 14.215578 13.907686 13.748163 10.230314 52.815727 47.473501 58.425077 13.899699 26.636834 52.061831 43.957263 74.899276 258.0834 75.037173 64.653444 60.898248 66
0.45102246 16.867694 16.998456 17.052217 11.77622 10.430188 10.26608 11.882235 11.504951 87.40526 19.216223 9.8292718 130.51231 365.5005 342.51367 95.86902 11.512862 70
0.47488023 17.949358 17.674005 17.568921 12.570498 88.674584 97.390149 115.72045 19.648837 28.840217 39.295351 106.89366 176.69736 151.69641 390.27709 118.26855 119.31886 74
0.5 19.290688 19.843376 20.464042 12.809003 115.91566 132.12323 164.2676 19.906412 38.013697 33.652082 139.40925 15.322195 542.61272 510.37988 158.83857 141.00072 78
