0.04 0.00089329511 0.018241049 0.187659 0.22669488 0.13381628 0.60585881 0.13503016 0.15956646 0.13406165 0.79306472 0.059560375 0.20454911 0.088597916 0.45575685 0.28402615 0.18891212
0.047908294 0.021601868 0.20955718 0.17657076 0.36589937 0.16574422 0.70624501 0.14226784 0.14328266 0.19787646 1.0304908 0.044501821 0.21177548 0.1056332 0.47337004 0.29683801 0.19269315
0.057380116 0.14275778 0.76576651 0.1024804 0.31367016 0.14483784 0.6207492 0.16062119 0.12624878 0.26116816 1.0856024 0.10568184 0.19779607 0.11817955 0.47755568 0.31919752 0.20551387
0.068724587 0.34572542 1.2376541 0.23140086 0.53527573 0.12973988 0.56134865 0.26806725 0.47282985 0.27724496 1.0381524 0.22382588 0.39997283 0.11021042 0.50552013 0.37084559 0.41531334
0.082311943 0.29716502 1.0364309 0.24888319 0.58694034 0.20297978 0.75909343 0.28031097 0.55216415 0.20187837 0.84514999 0.1993286 0.5162446 0.18137504 0.72531036 0.40558132 0.7293953
0.098585619 0.77078841 1.828198 0.42182993 0.55948981 0.69600742 1.7834041 0.57830864 0.63373526 0.81747351 1.9058922 0.51028631 0.52581439 0.72734874 1.9360309 0.96531243 0.79868972
0.11807672 0.90523943 1.9300724 0.46434934 0.7465984 0.96937394 1.9292783 0.60957628 0.92296185 0.97693782 2.1035157 0.64408735 0.74226181 0.86142912 2.0047677 1.1137807 0.98897458
0.14142136 1.0163649 2.1466693 0.84302674 0.85593429 1.0578889 2.2336572 0.8756652 0.96719847 1.0610389 2.278505 0.91175134 0.86682027 0.9912343 2.1871912 1.3169758 1.0700992
0.1693814 1.3965226 2.7930275 1.3198947 1.282513 1.7084453 3.3563467 1.3160526 1.1124669 1.5813144 2.9673685 1.3938433 1.1093747 1.7123022 3.0003162 1.7201619 1.4223726
0.20286935 1.6807941 3.3918343 1.3761609 1.5685464 2.0117457 3.9559739 1.5143697 1.4141888 1.8414216 3.7311622 1.6039568 1.4926774 2.1735467 3.6889672 1.7837445 1.718245
0.24297811 1.8754596 3.7200498 1.781362 1.7781865 2.4878094 4.4531386 1.9080034 1.784329 2.0306987 4.027482 2.0098549 1.6639192 3.6114504 4.6151968 2.0843069 2.1426101
0.29101666 2.2668587 4.8965758 2.3229626 1.8931843 3.4644676 6.4338948 3.6821192 2.3966926 2.882973 5.6684921 3.6733513 2.07545 9.3621688 8.7047774 3.6173536 3.676666
0.3485528 3.1833369 5.6256017 3.0203291 2.454266 5.3806626 8.6652356 6.6493455 6.6627554 4.5322314 7.1159174 6.5934546 5.8253399 20.213064 16.821736 8.7520712 14.86082
0.41746425 26171.147 3411.1256 768.42237 1030.7882 772.38026 366.65506 585.36666 553.79978 817.40798 377.4931 586.76794 551.20254 2359.0518 852.5204 919.67127 907.34454
0.5 81043159 29823867 3013344.9 inf 48972.92 42884.46 29480.406 inf 50429.183 43725.166 29665.239 inf 74420.265 59769.154 37255.845 inf
