0.04 9.8631447e-29 2.7145014e-27 3.4962064e-28 5.6752272e-28 0.54552058 0.22962077 0.24738052 0.29237582 0.07791366 0.14158284 0.11655031 0.20104043 0.097139255 0.14199884 0.10931757 0.21349572 4
0.042115883 0.11629309 0.15833359 0.093318923 0.106475 0.68819645 0.47759436 0.38780806 0.71734168 0.39012027 0.40304911 0.11640208 0.3503999 0.42152874 0.40241025 0.11962662 0.61457445 5
0.04434369 0.11629309 0.15833359 0.093318923 0.106475 0.68819645 0.47759436 0.38780806 0.71734168 0.39012027 0.40304911 0.11640208 0.3503999 0.42152874 0.40241025 0.11962662 0.61457445 5
0.046689341 0.11629309 0.15833359 0.093318923 0.106475 0.68819645 0.47759436 0.38780806 0.71734168 0.39012027 0.40304911 0.11640208 0.3503999 0.42152874 0.40241025 0.11962662 0.61457445 5
0.049159071 0.24952978 0.32068135 0.094379116 0.12459535 0.65309785 0.5035653 0.36117501 0.67964318 0.39429024 0.40505173 0.35234975 0.64525268 0.44376412 0.36878028 0.35200285 0.58158369 6
0.051759442 0.24952978 0.32068135 0.094379116 0.12459535 0.65309785 0.5035653 0.36117501 0.67964318 0.39429024 0.40505173 0.35234975 0.64525268 0.44376412 0.36878028 0.35200285 0.58158369 6
0.054497365 0.24993688 0.32074979 0.30707815 0.61593825 0.70015909 0.47943175 0.37232826 0.67543309 0.45604262 0.46819451 0.36303384 0.51384307 0.45951734 0.45991325 0.3623371 0.69554604 7
0.057380116 0.24993688 0.32074979 0.30707815 0.61593825 0.70015909 0.47943175 0.37232826 0.67543309 0.45604262 0.46819451 0.36303384 0.51384307 0.45951734 0.45991325 0.3623371 0.69554604 7
0.060415356 0.32263512 0.36901705 0.3846572 0.62138977 0.80761499 0.92508234 0.96731475 1.0337126 0.55496373 0.64025379 0.58852669 0.7172296 0.55794272 0.66728873 0.5894081 0.78805219 8
0.063611152 0.32263512 0.36901705 0.3846572 0.62138977 0.80761499 0.92508234 0.96731475 1.0337126 0.55496373 0.64025379 0.58852669 0.7172296 0.55794272 0.66728873 0.5894081 0.78805219 8
0.066975996 0.61887714 0.89416624 0.67798825 0.87228441 0.8619282 1.1153866 1.2750137 1.0561208 0.59330684 1.0471903 1.2127122 1.0084219 0.6260884 1.0404685 1.2122879 1.0091315 9
0.07051883 0.61887714 0.89416624 0.67798825 0.87228441 0.8619282 1.1153866 1.2750137 1.0561208 0.59330684 1.0471903 1.2127122 1.0084219 0.6260884 1.0404685 1.2122879 1.0091315 9
0.074249069 0.6333866 0.98762408 0.97122087 0.92164963 1.6423328 1.2403908 1.394036 1.072794 0.68100447 1.0014434 1.3391604 0.92356189 0.68316371 1.0524928 1.0731877 1.0482962 10
0.078176628 0.6333866 0.98762408 0.97122087 0.92164963 1.6423328 1.2403908 1.394036 1.072794 0.68100447 1.0014434 1.3391604 0.92356189 0.68316371 1.0524928 1.0731877 1.0482962 10
0.082311943 0.95403384 1.0127815 1.032002 1.0098686 1.6228203 1.2910927 1.5604987 1.0718447 1.0890703 1.101887 1.0995538 0.92274772 1.1717944 1.3306253 1.0848333 1.0489613 11
0.086666004 1.0241173 1.0847317 1.0774617 1.0359371 1.6785596 1.4288237 1.8379352 1.0688866 1.0065622 1.0869928 1.7878728 1.0574556 1.2774522 1.4567051 1.7852857 1.0526496 12
0.091250382 1.1480281 1.1322224 1.1696483 1.063469 1.6629028 1.4579569 2.008138 1.1362996 1.1194368 1.1641253 1.9609281 1.0775857 1.2938542 1.495841 1.9580501 1.1138708 13
0.09607726 1.1480281 1.1322224 1.1696483 1.063469 1.6629028 1.4579569 2.008138 1.1362996 1.1194368 1.1641253 1.9609281 1.0775857 1.2938542 1.495841 1.9580501 1.1138708 13
0.10115947 1.1484687 1.163814 1.1826003 1.3472096 1.6646109 1.6686124 3.5149636 1.9512546 1.1594713 1.1846173 1.1549002 1.4512202 1.4318111 1.8284759 1.4086558 1.5661748 14
0.10651051 1.1851655 1.3278588 1.5564507 1.7938578 1.6631639 1.7800332 3.0996577 1.9149414 1.1457075 1.4865133 2.5971713 1.8141759 1.2853888 1.8623051 1.7720084 1.8281234 15
0.1121446 1.1893087 1.504286 1.6480583 1.8596331 1.6943041 1.9501034 2.9425308 2.0265341 1.185221 1.5515299 2.6872909 1.8718672 1.5059949 2.052818 2.7153168 1.8782471 16
0.11807672 1.1909708 1.5717152 1.8984674 1.8813152 1.7185051 2.1783977 2.5229285 2.36104 1.1820935 1.6626617 1.815692 1.9911878 1.6065413 1.5957722 3.5337284 4.1494161 17
0.12432263 1.191003 1.5732188 1.9898659 2.0543361 1.7493231 2.5397635 2.5822732 2.3551191 1.1902676 1.6135555 2.0205602 2.0895973 1.3122548 1.6018489 2.1590875 2.0930642 18
0.13089894 1.194047 1.6819383 2.0292334 2.1538888 2.1001752 2.3960232 3.8001787 2.6973663 1.2472884 1.8243107 2.4938965 2.2693761 1.6585785 2.6678997 2.5366902 2.3293332 19
0.13782311 1.4984611 2.2683352 2.6046885 2.3384252 2.2120884 3.8393135 2.9994324 2.8046667 1.4145988 4.1159602 2.3941164 2.2996813 2.1200161 3.9976955 4.6533736 2.3372636 20
0.14511355 1.5426137 2.2697994 2.6048923 2.4012016 2.221907 3.8877406 5.0788028 2.9893398 2.7338069 2.2910834 4.4070244 2.3675707 2.3620691 2.232312 4.6753819 2.3380267 21
0.15278963 1.6502934 2.3433866 2.7756014 2.9477986 3.3972404 2.8866694 5.8129367 3.0368509 1.6252582 2.364839 2.5241892 2.5818695 3.8228007 2.3731246 2.6333486 2.6462128 22
0.16087175 2.2632131 3.1026914 3.340308 3.5791511 3.0359895 3.36868 6.8349536 3.9854464 2.2416045 3.1103261 6.6789247 3.2115529 4.0259195 3.0209084 3.1701032 3.4918777 24
0.1693814 2.3396591 3.1474917 3.4035102 3.7418097 3.0968716 5.3832605 3.6393788 4.0105563 2.3122527 10.816419 3.0476026 3.2566001 4.3132798 7.6437962 3.3006351 3.4946059 25
0.17834118 2.7558363 3.4367137 3.4478701 3.7431323 5.6856403 4.564809 8.5869391 4.2955493 3.8033539 3.9228965 3.2054341 3.3841681 4.9174833 10.805346 7.5694899 3.6779715 26
0.1877749 3.0553714 3.5261553 3.4901336 3.8637416 5.268044 4.5522676 10.41211 5.5789216 4.0003579 3.9738266 9.7382946 3.532521 5.0504156 12.198626 9.32262 11.597165 28
0.19770765 3.539134 3.6871028 3.5270516 4.1080474 5.3389359 4.404779 11.418488 5.6731602 3.8885746 4.4683084 3.6704818 4.8838683 10.349888 13.010161 10.017321 4.8006837 29
0.2081658 4.1061053 3.9001011 3.5443624 4.5809081 6.5600109 9.7285203 13.67282 5.8362706 4.9285546 4.2052553 13.052142 5.1395979 5.8716935 15.544377 11.815312 5.0369104 31
0.21917717 4.2324288 4.4505452 4.0364051 4.8199445 6.5749925 5.0082295 15.319998 6.2954296 4.9018971 6.0978 13.391951 4.0519356 15.237584 5.3978644 13.91949 5.3996982 33
0.230771 6.2363372 6.339616 5.3523301 5.1018068 23.394617 9.1514401 7.1923284 7.2604419 5.9017393 7.2641243 5.5264803 6.078991 32.122068 30.210559 19.060956 6.0828723 35
0.24297811 6.9711442 7.5121481 5.4572544 5.3827195 8.7559847 10.971441 30.052651 8.490125 13.746898 8.5691161 28.731007 6.8393228 47.606154 39.430686 10.143177 6.97599 37
0.25583094 7.1075471 7.7141216 5.6237625 5.5906865 9.3344195 45.919535 11.001925 10.595946 6.9451301 9.8444724 11.106828 8.72171 55.414156 50.452762 11.801327 8.5166208 39
0.26936365 7.2614961 7.9859848 5.6820142 5.7522579 19.061979 17.014926 42.194429 12.44109 15.104444 14.461854 11.441835 9.4795289 63.678848 66.813907 39.721172 9.7385329 41
0.28361219 7.2723759 8.0849679 5.8785845 6.471024 60.628711 17.375649 6.8250433 13.187947 16.894723 15.647051 12.350808 11.257539 27.767476 24.315616 44.961737 10.685252 43
0.29861445 7.7294632 8.1887894 6.9970679 7.0319936 29.841368 23.15012 18.622201 18.350816 24.033128 19.38469 5.7035009 14.714008 113.1175 107.44562 60.230128 14.706353 46
0.31441028 8.485123 8.6776103 7.8157898 7.3559125 40.92203 29.744504 7.5593315 22.310204 32.93836 26.337096 16.712169 25.179449 55.269704 40.416366 73.460813 17.714353 48
0.33104166 9.4762225 10.643864 9.7678024 7.5616337 54.246366 40.590961 32.44171 27.958401 32.891334 34.13543 29.071239 28.80492 71.056303 175.63201 93.584478 21.8884 51
0.3485528 9.621752 10.887092 10.114565 7.6789999 63.958327 48.578657 70.588138 8.192968 9.5998627 22.79876 6.5314918 37.511 245.51636 197.64612 103.22342 24.459494 53
0.36699022 9.7141875 11.921207 11.626149 9.9568535 80.754713 62.113674 71.920625 10.311878 86.014424 53.138345 8.7232918 9.9810326 302.56728 260.79741 130.11154 44.018076 56
0.38640293 10.382245 13.289014 12.800687 10.353796 12.262814 153.90077 74.910305 10.674954 110.82355 88.257709 38.314329 77.597366 444.68063 115.78937 75.333182 397.01903 60
0.40684251 11.247132 14.196254 14.254434 11.39418 206.20402 111.7039 9.5724395 11.235369 130.59638 11.255999 24.880285 101.53195 3615.1581 132.78559 94.793752 68.166464 63
0.42836329 12.058495 15.614674 16.243487 12.166478 260.91218 169.32637 122.47999 10.562427 188.83551 11.199665 9.0143539 130.33604 656.20877 172.67207 114.55145 82.121107 66
0.45102246 13.919595 20.544195 21.953275 14.3655 17.664782 20.750813 209.18774 13.093533 238.98266 181.70971 11.789656 180.90629 285.65743 2894.4032 150.026 110.54839 70
0.47488023 14.578486 23.72539 26.20606 14.916012 22.981769 259.88288 19.049086 12.312487 57.107401 250.06085 207.78596 255.61788 5692.8817 3230.9104 305.7945 134.03586 74
0.5 14.925867 24.792937 31.311558 15.253771 29.684466 24.781801 19.214067 14.592863 23.583963 287.60403 21.132968 363.84181 6372.1394 3513.4946 214.85254 576.11376 78
