0.03 0.48383001 0.59243513 0.74645405 0.37705196 13.037263 14.553805 27.578874 0.40516802 24.894072 21.599979 33.97553 0.33789562 11.314534 11.035588 14.796397 0.42588147
0.036927745 1.185928 0.85768324 1.4553138 1.1265615 13.587304 10.843187 11.479046 31.453788 35.348048 25.750539 31.555796 25.758136 5.9121269 7.1243301 4.8475031 22.527739
0.045455278 2.0086765 2.9243189 1.5425915 2.276382 11.603667 9.9515485 10.013423 28.048822 43.242393 42.256166 20.142603 20.868419 4.4081645 7.6018671 4.8652191 17.810155
0.05595203 2.9448002 6.2022811 2.5685715 2.1971662 25.168354 28.019981 17.723185 7.7642372 22.298587 25.717928 23.645901 27.188705 5.3878921 8.3054404 5.0153051 8.3376033
0.068872743 3.9342701 8.1177809 2.7813748 2.8091445 30.756268 29.412364 34.051739 19.478821 23.594288 25.251293 9.7488244 14.06433 7.0822384 10.381668 4.9989322 4.025507
0.084777169 4.1424672 8.6890552 3.15556 3.2666668 31.529838 26.77466 35.474357 9.5026154 32.654656 36.508867 24.288297 38.044049 7.465444 10.426665 5.1364736 4.4904968
0.10435432 4.3560688 9.1196057 3.5461194 4.1799494 26.088835 23.920204 25.020323 5.09912 35.995673 36.487899 43.635958 37.863855 5.5173771 10.017142 5.6029722 5.7212875
0.12845233 5.2588296 11.077396 4.9296132 4.5023991 27.804748 25.559946 18.843813 16.272358 30.784474 36.944879 34.262262 33.725443 5.7141583 11.273597 6.5450544 7.7047634
0.15811516 5.7631675 11.818375 5.210327 4.9997037 7.821264 14.188074 14.08085 8.1548867 28.968017 45.605656 49.363363 22.887798 7.1164604 12.033887 6.691901 5.5663803
0.19462787 6.306428 12.45839 5.5030171 5.1597997 8.5995265 15.366322 6.7922887 5.6938155 44.400979 36.445477 31.571716 21.024712 9.7531549 14.491188 6.9174185 6.0371771
0.23957228 7.7314667 13.012892 6.3330944 6.1485898 11.539551 16.805968 7.6221321 7.5269159 21.026461 22.831241 22.159717 18.435963 19.196655 18.051101 7.4889463 9.6780948
0.29489547 8.3469709 13.388358 6.8429394 7.0013704 12.625188 18.047384 12.848243 10.382964 19.647291 21.17338 14.299781 13.057984 34.904508 25.501782 13.911057 18.516566
0.36299415 10.131092 14.303078 7.8939968 8.2275629 15.309685 21.78549 20.096566 21.341327 11.777165 18.287913 20.109349 20.141042 59.83929 44.283887 27.057209 46.810533
0.44681851 13.36763 16.4622 8.1217003 9.4237897 25.842072 39.320967 55.874281 56.806751 22.81859 34.845402 55.485912 44.000108 135.88148 117.09903 105.03653 131.02754
0.55 24.974179 21.502042 8.822958 10.707065 62.328016 94.891945 150.65028 171.34639 60.350026 90.802641 149.78609 150.6886 356.60385 341.46318 336.6869 167.14179
