0.03 0.080423062 0.16062096 0.28856914 0.33494127 16.683264 13.998478 14.050096 18.724294 25.964493 29.130607 19.560562 25.399741 11.008453 10.162139 11.96439 13.52437
0.036927745 0.51451006 0.61698484 0.51514389 0.35612816 25.218004 31.173086 16.279286 14.781194 32.969056 24.908473 30.612267 23.818391 23.508724 18.703103 7.7855129 7.5575671
0.045455278 0.89489627 1.1625716 0.99944768 0.46457814 18.910535 19.251586 27.866331 11.115918 45.369835 43.569498 34.844061 25.43508 9.632591 8.423469 9.5669297 5.1132432
0.05595203 1.1008884 1.2022161 3.3482222 2.7839672 22.354471 36.069468 36.102206 20.805352 46.106415 23.51585 16.840616 34.299183 7.592668 12.863276 6.8884059 5.1770313
0.068872743 1.8663802 2.4500898 4.6079329 5.0947469 18.050884 50.721459 55.861373 36.132011 34.413776 10.545383 40.658709 18.672725 9.1026286 5.2990306 6.2646543 5.4924694
0.084777169 2.4794335 2.8501074 5.1189854 5.0922196 21.950711 4.9134168 152.81543 38.510929 46.730809 46.833013 45.956248 52.445975 6.0050091 4.9203166 9.1266632 6.3663484
0.10435432 2.6598439 3.2746217 5.6606979 5.7234104 25.243166 71.277885 52.645481 20.409998 47.682083 30.021207 32.023264 45.450674 4.3548517 6.5360941 13.001967 9.8637942
0.12845233 2.684809 3.5320577 6.2057223 6.2474998 4.0312687 16.51296 9.1671978 19.781393 29.002129 45.459466 33.947818 41.527576 5.3509295 8.6665557 15.549482 14.991786
0.15811516 3.8435751 4.9512906 8.1675723 7.9750945 4.0596574 5.4257769 11.037019 8.7185041 9.3636275 10.168208 11.957303 23.809928 10.192452 18.109427 20.353805 19.778814
0.19462787 5.0583379 5.7421222 9.9713313 8.8476277 5.0692736 5.5931528 10.48244 10.745434 7.0434055 6.4325152 10.235375 22.19432 21.099586 31.449918 30.447692 31.662895
0.23957228 7.5552913 8.8843418 13.67724 10.043629 7.319599 7.1157469 11.882731 11.738692 7.97358 7.3089327 9.5905682 15.212401 34496.072 54.529685 48.042818 38.140307
0.29489547 8.8103145 10.581267 16.423044 12.264329 12.384664 11.280418 15.193043 17.081272 12.465475 10.550997 12.212892 15.655232 48530.234 31133.892 84.482255 52.831803
0.36299415 12.596519 17.009177 25.627266 15.084562 35.281349 24.611201 26.98988 30.011723 35.435344 23.782065 23.989422 27.291891 64158.696 40651.435 152.40609 78.166418
0.44681851 19.084681 28.61405 39.957117 21.970171 121.04784 90.406017 76.861569 96.135564 121.0494 89.933347 74.113116 169.89563 87584.412 57508.691 36174.581 211.45057
0.55 25.74138 45.887587 68.246429 30.550012 361.46132 268.79983 253.41199 297.9303 358.99356 268.47787 253.69134 258.44864 115822.59 77180.939 49347.349 776.56515
