0.03 0.29642287 0.20913246 0.39759867 0.87404103 15.702416 12.848611 20.119271 11.724532 24.796611 25.745708 28.331116 29.383521 11.19551 9.9839868 15.120374 9.8424837
0.036927745 0.79418686 0.64863136 0.78663291 1.9004988 21.922299 15.489764 16.370733 17.832211 43.248968 33.129167 34.929219 23.96235 6.3643877 6.0236371 4.8387236 9.6051686
0.045455278 1.0972571 1.0195875 0.88273491 2.0020896 9.8401316 15.866542 16.381793 16.37702 37.120473 39.440599 42.745244 25.292551 3.4270158 3.7257438 4.2753314 7.9799075
0.05595203 1.2515315 1.741805 3.3928198 5.4512786 24.861564 34.273844 43.094602 21.326185 32.507506 35.908322 18.923132 29.600124 4.3716349 8.6290228 7.4371214 8.1579182
0.068872743 3.3369306 3.3564402 5.5504707 6.459544 31.05198 40.182419 67.096986 30.496317 21.626901 17.531643 61.082648 35.859924 8.2852284 4.6687673 15.05184 8.7023288
0.084777169 3.8659295 3.7705549 8.1572468 6.9270042 48.814626 68.508387 12.745771 39.870199 34.267318 44.111456 11.433311 45.894523 6.5460274 5.3949821 10.117036 13.193517
0.10435432 4.4033946 4.3497772 8.7364144 7.8303714 32.771308 79.617871 23.846144 39.279133 37.854379 54.025048 38.165266 38.281328 5.6315686 8.0262497 10.115339 19.138576
0.12845233 5.2670397 5.0864747 9.5780476 9.24336 18.480713 13.028576 12.113937 18.820677 37.45349 57.233937 45.743065 30.601459 7.3671863 10.257356 11.293333 30.594688
0.15811516 5.9271825 5.5909706 11.059792 10.82415 7.577571 11.781598 13.245081 11.650103 14.674658 17.311381 53.305925 36.587308 11.309269 13.680501 12.081649 36.431732
0.19462787 6.5551827 6.2593974 12.87118 11.121705 7.7967194 9.2155429 14.632565 11.900426 8.9234354 10.06306 15.074713 34.99784 15.922968 18.45485 14.829611 46.175789
0.23957228 9.2933464 9.6452561 14.12695 11.611403 10.770307 10.262025 15.037742 14.541133 11.255015 8.6961921 14.587089 28.964037 31.527459 31.32892 17.971926 59.262362
0.29489547 9.832806 11.318766 15.586724 12.665637 12.849858 11.465791 16.859424 20.15672 11.252671 8.6765732 14.685587 19.444715 60.785359 56.025307 28.374526 77.867238
0.36299415 13.972866 16.791882 18.067215 13.278528 19.598841 16.348454 22.984213 36.27693 17.753207 13.188903 21.225974 37.686783 117.36558 111.40687 47.110428 114.59467
0.44681851 21.718766 26.851321 23.406908 14.985655 45.548495 46.141624 53.014491 94.738897 44.218806 43.288051 50.756297 130.74673 285.38621 289.26147 127.92936 262.49984
0.55 40.827671 43.26364 35.885427 17.266596 130.03135 135.79322 182.3329 258.48534 130.01534 134.28899 140.68512 245.38715 706.81916 679.5826 395.15323 968.74905
