0.04 1.4274489e-27 1.794865e-27 4.9301414e-29 6.1094226e-28 0.72884287 0.07437554 0.17397594 0.47676346 9.6507139e-15 0.036080663 0.11520853 0.19792721 0.18571773 0.031373109 0.14052554 0.23983358 4
0.042115883 0.014097311 0.026828347 0.031718456 0.24640381 0.89853013 0.14800496 0.19409945 0.47870767 0.33906092 0.035936549 0.03251275 0.24820033 0.29784677 0.031809066 0.15372019 0.3974744 5
0.04434369 0.014097311 0.026828347 0.031718456 0.24640381 0.89853013 0.14800496 0.19409945 0.47870767 0.33906092 0.035936549 0.03251275 0.24820033 0.29784677 0.031809066 0.15372019 0.3974744 5
0.046689341 0.014097311 0.026828347 0.031718456 0.24640381 0.89853013 0.14800496 0.19409945 0.47870767 0.33906092 0.035936549 0.03251275 0.24820033 0.29784677 0.031809066 0.15372019 0.3974744 5
0.049159071 0.14554932 0.027159241 0.11534939 0.27345182 0.97407404 0.38752042 0.22859882 0.49059782 0.55071076 0.13387945 0.14297945 0.27614351 0.93854861 0.25986967 0.17601465 0.41282223 6
0.051759442 0.14554932 0.027159241 0.11534939 0.27345182 0.97407404 0.38752042 0.22859882 0.49059782 0.55071076 0.13387945 0.14297945 0.27614351 0.93854861 0.25986967 0.17601465 0.41282223 6
0.054497365 0.62637682 0.33046723 0.13208865 0.31518344 0.99638203 1.1844933 0.31767235 0.51547428 0.60248531 0.47494961 0.23357883 0.27984333 0.99444779 0.5980342 0.27433962 0.38967081 7
0.057380116 0.62637682 0.33046723 0.13208865 0.31518344 0.99638203 1.1844933 0.31767235 0.51547428 0.60248531 0.47494961 0.23357883 0.27984333 0.99444779 0.5980342 0.27433962 0.38967081 7
0.060415356 0.62654729 0.8840508 0.13975291 0.44873235 1.085319 1.2082378 0.40369596 0.74132422 0.61442906 0.87765398 0.13566412 0.32073764 0.9741527 0.88143813 0.21662183 0.52224353 8
0.063611152 0.62654729 0.8840508 0.13975291 0.44873235 1.085319 1.2082378 0.40369596 0.74132422 0.61442906 0.87765398 0.13566412 0.32073764 0.9741527 0.88143813 0.21662183 0.52224353 8
0.066975996 0.6331484 0.88503858 0.15033396 0.60934503 1.4376559 1.2715766 0.41233564 0.76882398 0.90088413 0.88361568 0.19248773 0.60493841 1.3236044 0.91970201 0.30720201 0.60809446 9
0.07051883 0.6331484 0.88503858 0.15033396 0.60934503 1.4376559 1.2715766 0.41233564 0.76882398 0.90088413 0.88361568 0.19248773 0.60493841 1.3236044 0.91970201 0.30720201 0.60809446 9
0.074249069 1.1347809 0.91778176 0.20894629 0.64371917 1.7314833 1.8720447 1.0600429 0.85381574 1.2081004 0.92211614 0.27721749 0.60697571 1.3236068 0.92276766 0.30720228 0.61696871 10
0.078176628 1.1347809 0.91778176 0.20894629 0.64371917 1.7314833 1.8720447 1.0600429 0.85381574 1.2081004 0.92211614 0.27721749 0.60697571 1.3236068 0.92276766 0.30720228 0.61696871 10
0.082311943 1.4481576 0.97707708 0.22955147 0.64936584 1.6711731 1.8413639 1.1746169 1.4136554 1.0384807 1.0191165 0.28433744 0.62722586 1.4287353 1.3232278 0.30726601 0.71527182 11
0.086666004 1.4601086 1.3275284 0.23058808 0.70585307 1.6208308 2.3236906 1.2671677 1.4342692 1.276712 1.2018732 0.33013808 0.64544786 1.4498605 1.4091025 0.33425581 0.71537974 12
0.091250382 1.4723357 1.4217976 0.23070649 0.74079924 1.5807951 2.3971106 0.97045328 1.121055 0.8185445 1.4536991 0.34233569 0.67810257 1.5579816 1.6842965 0.3890782 0.76851083 13
0.09607726 1.4723357 1.4217976 0.23070649 0.74079924 1.5807951 2.3971106 0.97045328 1.121055 0.8185445 1.4536991 0.34233569 0.67810257 1.5579816 1.6842965 0.3890782 0.76851083 13
0.10115947 1.8587306 1.6667269 0.37184583 0.8400951 2.6302738 2.4494414 0.91568361 1.2199215 2.0077487 1.5608197 0.37594001 0.74403525 2.0310906 1.7506929 0.39258332 0.81783203 14
0.10651051 2.3309828 1.76416 0.37617621 1.0286346 2.5661244 2.828174 0.89365383 1.6755426 2.3509739 1.8059443 0.40006722 0.86178303 2.3933642 2.0254675 0.43588765 0.84114056 15
0.1121446 2.4186727 1.9902329 0.59753838 1.0375622 2.6588207 2.7050057 0.95707469 1.5228277 2.3841083 1.8962927 0.43245845 0.9178324 2.408381 2.1171956 0.45587565 1.0969084 16
0.11807672 2.4778333 2.0576195 0.6072785 1.0375694 2.7137401 2.7852486 1.0301082 1.5780405 2.4656908 2.1311891 0.44777207 1.0752047 2.4991625 2.1640432 0.46626359 1.1553948 17
0.12432263 2.5587017 2.1225253 0.62418923 1.0706805 2.8546939 2.8959557 1.0969066 1.8369808 2.5268595 2.1303166 0.46811654 1.1700373 2.5359937 2.2734321 0.47818414 1.2287465 18
0.13089894 2.666951 2.1244714 0.68023944 1.3708218 3.0989574 2.8869695 1.0451561 1.7074772 2.8085635 2.1308097 0.49686404 1.1959239 2.8363572 2.3003718 0.50683405 1.3026798 19
0.13782311 2.9056536 2.1691119 0.70378384 1.3757152 3.326761 2.9400692 1.0855789 1.702113 2.9828805 2.2516728 0.49681564 1.2424551 2.991625 2.3597241 0.50936395 1.3052883 20
0.14511355 2.9583722 2.1693327 0.73395568 1.4436932 3.3294322 2.9286646 1.2673412 1.7632342 2.9825475 2.1877203 0.71997178 1.3008546 2.9974484 2.3473346 0.79991686 1.345172 21
0.15278963 3.3983769 2.6031988 1.3019905 1.4530663 3.7336239 3.2981343 1.4374638 1.8053848 3.3351168 2.3479056 0.89851081 1.3019546 3.5195294 2.6468093 0.82654766 1.3459582 22
0.16087175 3.7575478 2.6132228 1.4849841 1.6274705 4.3212226 3.5165592 1.7950388 2.395518 3.785273 2.4798997 1.0490998 1.6122146 3.8555849 2.7757627 1.0105326 2.020375 24
0.1693814 3.7809165 2.6247378 1.4996057 1.7108259 4.3028758 3.6431928 2.241508 2.5190231 3.8365516 2.4828124 1.0441921 1.6217778 4.1864869 2.7909705 1.27555 2.0577101 25
0.17834118 3.8210158 2.7857865 1.7043864 1.8140691 4.3918184 4.2712077 2.6157222 2.8011837 4.1008077 2.6995315 1.1409786 1.7199913 4.189465 2.8991878 1.182417 2.0579131 26
0.1877749 4.054182 2.8365051 2.0170024 1.9320524 4.9017404 4.3046324 3.3163321 2.9320821 4.3368483 2.9145993 1.4203587 1.7659478 4.2702085 3.0406908 1.8658748 1.8800542 28
0.19770765 4.094584 3.0916981 2.1076241 2.2905822 4.9098338 4.171769 3.0636124 3.0457454 4.1801688 3.0352663 1.5483105 2.1652264 4.5975659 3.2061289 1.8930408 3.0424445 29
0.2081658 4.5628628 3.3444831 2.3039428 2.5523844 6.123603 4.4389036 2.9079029 3.3519166 4.8718428 3.2919386 1.9054602 2.3798475 4.9327898 3.4075188 2.765302 3.4311786 31
0.21917717 4.7484822 3.5175754 3.051176 2.6764836 5.9976963 4.9080971 3.2998431 3.5898519 4.9925219 3.4120166 2.3624669 2.3832714 5.0970063 3.5771235 3.8752491 3.6173826 33
0.230771 4.7486306 4.1916876 4.1885866 2.7810149 6.0280103 4.6187212 4.6035431 4.2934579 5.055001 3.7067202 2.567503 2.4656221 5.0952747 3.7871612 3.9185852 4.2792596 35
0.24297811 4.759358 4.2075625 4.4739244 3.1524427 6.0426311 5.8836298 7.604801 5.4585259 5.1407813 3.7152775 2.6853312 2.9325841 5.114332 3.7873168 3.0219486 5.7266034 37
0.25583094 5.2937528 4.4883532 5.6905503 3.4924766 9.1834789 6.7528811 4.7611313 6.6422832 5.5511778 4.2658574 3.8262536 3.9574619 5.6828289 4.0535704 6.3890202 9.6037196 39
0.26936365 5.5446943 4.6500881 5.6980519 3.5109713 7.3798872 6.9303556 4.8201849 6.9989158 5.8890434 4.2864895 3.7695244 4.5337689 6.5825367 4.3546398 6.8017615 11.382613 41
0.28361219 5.6583445 4.7929988 6.0366848 3.7750057 10.224244 7.9473672 12.178899 4.4971812 6.0690392 4.4821575 4.4064482 4.5878178 6.2470257 4.5552993 8.3684443 3.4567979 43
0.29861445 5.9474148 5.1274539 6.9059845 4.3571534 11.499972 6.1368284 8.3642848 5.1116667 6.2862044 4.9101429 5.0763182 5.105331 6.5228633 5.0105484 14.152426 4.0266165 46
0.31441028 6.0641497 5.2907339 6.9438296 4.3576535 13.346295 6.1664672 6.1976771 10.092087 6.4923895 5.0049208 4.3797514 5.4371772 6.601104 5.0950652 4.7674109 23.030848 48
0.33104166 6.1733873 5.5936104 7.0120018 4.5047501 7.9044062 6.5086301 9.1031897 12.890377 6.6211613 5.3066449 6.6673393 6.3197876 8.5944123 5.3945365 19.694142 4.3895493 51
0.3485528 6.2315123 5.6100271 7.0283499 4.6151931 8.3473146 16.369649 9.0412704 6.2987337 6.8520594 5.3292805 4.8543399 6.5745388 6.7858589 5.4266269 5.4410982 5.3570919 53
0.36699022 6.3246859 5.9086576 7.6876698 4.8367692 8.4516527 19.989777 10.735239 6.6633022 6.9102865 5.6331104 7.9581234 5.114042 6.9119798 5.7334639 6.0990284 45.467179 56
0.38640293 6.5255137 6.1293182 7.8264786 5.5376658 9.0348659 7.5590445 7.1804544 7.1393962 7.3792919 5.9057374 9.1443787 6.5978172 7.0830061 6.0696909 6.4544095 6.8454383 60
0.40684251 6.8907284 7.0229632 8.3965928 6.2628477 10.353774 7.7961014 7.4894569 14.402986 7.2227433 6.6192526 10.254502 7.6403322 7.3439856 6.6756009 44.524114 7.1661424 63
0.42836329 6.9791192 7.1474379 8.7921663 7.235123 8.6274432 7.9495325 15.994792 6.8951143 9.9752391 6.8206545 8.341157 8.5860369 7.4647133 6.8783878 7.0682045 7.4312147 66
0.45102246 7.274145 7.6577499 9.7955363 9.155442 8.9696316 8.5955759 7.9099535 7.3335273 10.066775 7.3792487 11.4438 12.332615 7.7948477 7.4433037 76.440742 7.7666752 70
0.47488023 7.7611126 7.9285817 10.354607 11.094785 13.838455 15.674999 8.1977674 8.9290826 12.48889 7.7796974 12.787156 8.5476144 8.3597425 7.8518067 7.5165142 7.9836204 74
0.5 8.1822789 8.2882349 11.347288 11.36968 16.624188 9.1715239 8.6548374 8.8882773 8.6791102 7.9114923 18.567561 27.147638 8.8425386 7.9715527 7.8925071 8.4948513 78
