0.03 0.17602834 0.25207555 0.29909294 0.39556598 17.573959 22.880503 0.17463192 25.668325 20.77445 34.656144 0.14641916 13.126702 12.728276 14.254726 0.21871596 17.075742
0.036927745 0.47326252 0.37089531 0.67828396 0.91464772 11.51286 18.506308 24.636315 12.450526 23.833974 35.436752 33.026071 32.812866 6.5559957 5.8200145 25.904884 8.8650094
0.045455278 0.484302 0.39777532 1.5016534 1.1138157 13.088729 23.434033 19.539891 9.9589886 41.825655 29.755708 30.609957 9.8680075 6.3976239 5.1246319 18.560256 15.207083
0.05595203 4.7865878 1.2335615 1.5675693 1.2353396 30.883015 4.7988358 3.3529067 14.961017 19.486535 11.427343 14.701063 9.7130366 9.7574712 3.6203349 21.563661 2.0881532
0.068872743 6.8747935 2.1120039 2.0118191 2.4424665 40.615951 50.002448 4.711002 14.547964 27.236819 11.442082 23.215068 25.180709 11.25976 4.7514926 3.7609304 2.1247291
0.084777169 7.6293972 2.6848893 1.987976 2.8048851 32.529207 25.459392 6.7455463 2.2370785 22.028174 34.742977 11.319222 9.0109782 8.6231335 3.2254897 2.0460773 2.3682789
0.10435432 8.1419595 3.0474717 2.1758398 3.4008859 25.991895 25.861543 6.794739 2.563715 31.911506 36.801281 3.5978663 27.896585 8.1026385 3.7315289 2.1964933 2.9266104
0.12845233 8.6236395 3.3811485 3.0458577 3.6419086 27.555065 16.532422 6.6209733 3.9047966 48.301866 40.319421 11.706104 6.295676 8.5977854 4.2271586 2.2601284 3.2317425
0.15811516 9.5165832 4.1677464 3.750467 4.0030237 22.186492 16.002479 3.5537531 7.2124197 35.595471 47.143145 5.9630911 9.4903792 9.7653558 4.7131101 2.9795922 4.1401432
0.19462787 9.9867436 4.6503947 4.6104405 4.6319789 23.635361 23.28749 3.2629318 4.2020477 42.578649 37.345322 7.2909576 6.4676336 10.666859 5.1350231 4.111084 6.239502
0.23957228 10.597061 6.1194074 6.9933025 5.1449332 17.098857 10.303893 4.0011364 5.305628 42.865629 38.852998 7.2188406 6.4051227 11.615736 5.8320058 7.7714472 10.4571
0.29489547 11.286168 6.7806143 8.2309454 5.7404628 17.317104 10.878749 7.9606683 9.8153323 49.555061 12.953 5.9355772 8.7603603 13.858625 9.670777 20.73066 26.841105
0.36299415 11.519281 7.4564345 8.5705476 5.9112218 14.872574 15.236545 12.256945 16.280223 54.137595 9.9205368 11.543837 20.678661 17.34847 15.942778 41.08205 67.03423
0.44681851 11.753027 8.3738943 9.8202255 8.1148971 20.042307 35.486832 23.7288 25.58507 20.062463 17.331841 12.202764 14.711633 39.527248 50.728979 87.148447 124.57946
0.55 12.936848 9.5994568 13.315518 15.096937 27.048202 34.336559 65.70514 85.773025 25.221342 33.691787 34.689939 41.668985 91.096718 132.92688 227.83223 352.46187
