ngc2298 0.21 0.19 0.17 
ngc4590 0.18 0.15 0.15 
ngc4833 0.20 0.19 0.15 
ngc5053 0.19 0.17 0.13 
ngc6341 0.17 0.16 0.12 
ngc6397 0.23 0.21 nan 
ngc6426 0.22 0.20 0.30 
ngc6779 0.21 0.18 0.14 
ngc7078 0.19 0.16 0.13 
ngc7099 0.19 0.15 0.12 
palomar15 0.23 0.20 0.17 
terzan8 0.19 0.18 0.14 
Total 0.19 0.17 0.14 
ngc2298 0.21 0.19 0.17 
ngc4590 0.18 0.15 0.15 
ngc4833 0.20 0.19 0.15 
ngc5053 0.19 0.17 0.13 
ngc6341 0.17 0.16 0.12 
ngc6397 0.23 0.21 nan 
ngc6426 0.22 0.20 0.30 
ngc6779 0.21 0.18 0.14 
ngc7078 0.19 0.16 0.13 
ngc7099 0.19 0.15 0.12 
palomar15 0.23 0.20 0.17 
terzan8 0.19 0.18 0.14 
Total 0.19 0.17 0.14 
ngc2298 0.21 0.19 0.17 
ngc4590 0.18 0.15 0.15 
ngc4833 0.20 0.19 0.15 
ngc5053 0.19 0.17 0.13 
ngc6341 0.17 0.16 0.12 
ngc6397 0.23 0.21 nan 
ngc6426 0.22 0.20 0.30 
ngc6779 0.21 0.18 0.14 
ngc7078 0.19 0.16 0.13 
ngc7099 0.19 0.15 0.12 
palomar15 0.23 0.20 0.17 
terzan8 0.19 0.18 0.14 
Total 0.19 0.17 0.14 
ngc2298 0.21 0.19 0.17 
ngc4590 0.18 0.15 0.15 
ngc4833 0.20 0.19 0.15 
ngc5053 0.19 0.17 0.13 
ngc6341 0.17 0.16 0.12 
ngc6397 0.23 0.21 nan 
ngc6426 0.22 0.20 0.30 
ngc6779 0.21 0.18 0.14 
ngc7078 0.19 0.16 0.13 
ngc7099 0.19 0.15 0.12 
palomar15 0.23 0.20 0.17 
terzan8 0.19 0.18 0.14 
Total 0.19 0.17 0.14 
ngc2298 0.21 0.19 0.17 
ngc4590 0.18 0.15 0.15 
ngc4833 0.20 0.19 0.15 
ngc5053 0.19 0.17 0.13 
ngc6341 0.17 0.16 0.12 
ngc6397 0.23 0.21 nan 
ngc6426 0.22 0.20 0.30 
ngc6779 0.21 0.18 0.14 
ngc7078 0.19 0.16 0.13 
ngc7099 0.19 0.15 0.12 
palomar15 0.23 0.20 0.17 
terzan8 0.19 0.18 0.14 
Total 0.19 0.17 0.14 
ngc2298 0.21 0.19 0.17 
ngc4590 0.18 0.15 0.15 
ngc4833 0.20 0.19 0.15 
ngc5053 0.19 0.17 0.13 
ngc6341 0.17 0.16 0.12 
ngc6397 0.23 0.21 nan 
ngc6426 0.22 0.20 0.30 
ngc6779 0.21 0.18 0.14 
ngc7078 0.19 0.16 0.13 
ngc7099 0.19 0.15 0.12 
palomar15 0.23 0.20 0.17 
terzan8 0.19 0.18 0.14 
Total 0.19 0.17 0.14 
ngc2298 0.21 0.19 0.17 
ngc4590 0.18 0.15 0.15 
ngc4833 0.20 0.19 0.15 
ngc5053 0.19 0.17 0.13 
ngc6341 0.17 0.16 0.12 
ngc6397 0.23 0.21 nan 
ngc6426 0.22 0.20 0.30 
ngc6779 0.21 0.18 0.14 
ngc7078 0.19 0.16 0.13 
ngc7099 0.19 0.15 0.12 
palomar15 0.23 0.20 0.17 
terzan8 0.19 0.18 0.14 
Total 0.19 0.17 0.14 
ngc2298 0.21 0.19 0.17 
ngc4590 0.18 0.15 0.15 
ngc4833 0.20 0.19 0.15 
ngc5053 0.19 0.17 0.13 
ngc6341 0.17 0.16 0.12 
ngc6397 0.23 0.21 nan 
ngc6426 0.22 0.20 0.30 
ngc6779 0.21 0.18 0.14 
ngc7078 0.19 0.16 0.13 
ngc7099 0.19 0.15 0.12 
palomar15 0.23 0.20 0.17 
terzan8 0.19 0.18 0.14 
Total 0.19 0.17 0.14 
ngc2298 0.21 0.19 0.17 
ngc4590 0.18 0.15 0.15 
ngc4833 0.20 0.19 0.15 
ngc5053 0.19 0.17 0.13 
ngc6341 0.17 0.16 0.12 
ngc6397 0.23 0.21 nan 
ngc6426 0.22 0.20 0.30 
ngc6779 0.21 0.18 0.14 
ngc7078 0.19 0.16 0.13 
ngc7099 0.19 0.15 0.12 
palomar15 0.23 0.20 0.17 
terzan8 0.19 0.18 0.14 
Total 0.19 0.17 0.14 
ngc2298 0.21 0.19 0.17 
ngc4590 0.18 0.15 0.15 
ngc4833 0.20 0.19 0.15 
ngc5053 0.19 0.17 0.13 
ngc6341 0.17 0.16 0.12 
ngc6397 0.23 0.21 nan 
ngc6426 0.22 0.20 0.30 
ngc6779 0.21 0.18 0.14 
ngc7078 0.19 0.16 0.13 
ngc7099 0.19 0.15 0.12 
palomar15 0.23 0.20 0.17 
terzan8 0.19 0.18 0.14 
Total 0.19 0.17 0.14 
ngc2298 0.21 0.19 0.17 
ngc4590 0.18 0.15 0.15 
ngc4833 0.20 0.19 0.15 
ngc5053 0.19 0.17 0.13 
ngc6341 0.17 0.16 0.12 
ngc6397 0.23 0.21 nan 
ngc6426 0.22 0.20 0.30 
ngc6779 0.21 0.18 0.14 
ngc7078 0.19 0.16 0.13 
ngc7099 0.19 0.15 0.12 
palomar15 0.23 0.20 0.17 
terzan8 0.19 0.18 0.14 
Total 0.19 0.17 0.14 
ngc2298 0.21 0.19 0.17 
ngc4590 0.18 0.15 0.15 
ngc4833 0.20 0.19 0.15 
ngc5053 0.19 0.17 0.13 
ngc6341 0.17 0.16 0.12 
ngc6397 0.23 0.21 nan 
ngc6426 0.22 0.20 0.30 
ngc6779 0.21 0.18 0.14 
ngc7078 0.19 0.16 0.13 
ngc7099 0.19 0.15 0.12 
palomar15 0.23 0.20 0.17 
terzan8 0.19 0.18 0.14 
Total 0.19 0.17 0.14 
ngc2298 0.21 0.19 0.17 
ngc4590 0.18 0.15 0.15 
ngc4833 0.20 0.19 0.15 
ngc5053 0.19 0.17 0.13 
ngc6341 0.17 0.16 0.12 
ngc6397 0.23 0.21 nan 
ngc6426 0.22 0.20 0.30 
ngc6779 0.21 0.18 0.14 
ngc7078 0.19 0.16 0.13 
ngc7099 0.19 0.15 0.12 
palomar15 0.23 0.20 0.17 
terzan8 0.19 0.18 0.14 
Total 0.19 0.17 0.14 
ngc2298 0.21 0.19 0.17 
ngc4590 0.18 0.15 0.15 
ngc4833 0.20 0.19 0.15 
ngc5053 0.19 0.17 0.13 
ngc6341 0.17 0.16 0.12 
ngc6397 0.23 0.21 nan 
ngc6426 0.22 0.20 0.30 
ngc6779 0.21 0.18 0.14 
ngc7078 0.19 0.16 0.13 
ngc7099 0.19 0.15 0.12 
palomar15 0.23 0.20 0.17 
terzan8 0.19 0.18 0.14 
Total 0.19 0.17 0.14 
