8 160 0.023128320038408697
12 294 0.01984583133341182
13 462 0.018031527172320906
15 94 0.015490618238395343
32 884 0.017210921928154165
37 38 0.025430796868224876
38 198 0.023937643735124796
53 347 0.024102557764724464
59 1443 0.021921908752725445
61 354 0.02675069187999618
64 108 0.028516611428713166
68 137 0.01688793724202741
Using the mean of all the 12 GCs 
12GCs 4519 0.02262688276920788
Using the median of the sample 
12GCs 4502 0.02259909610815547
8 160 0.023128320038408697
12 294 0.01984583133341182
13 462 0.018031527172320906
15 94 0.015490618238395343
32 884 0.017210921928154165
37 38 0.025430796868224876
38 198 0.023937643735124796
53 347 0.024102557764724464
59 1443 0.021921908752725445
61 354 0.02675069187999618
64 108 0.028516611428713166
68 137 0.01688793724202741
Using the mean of all the 12 GCs 
12GCs 4519 0.02262688276920788
Using the median of the sample 
12GCs 4502 0.02259909610815547
8 160 0.023128320038408697
12 294 0.01984583133341182
13 462 0.018031527172320906
15 94 0.015490618238395343
32 884 0.017210921928154165
37 38 0.025430796868224876
38 198 0.023937643735124796
53 347 0.024102557764724464
59 1443 0.021921908752725445
61 354 0.02675069187999618
64 108 0.028516611428713166
68 137 0.01688793724202741
Using the mean of all the 12 GCs 
12GCs 4519 0.02262688276920788
Using the median of the sample 
12GCs 4502 0.02259909610815547
8 160 0.023128320038408697
12 294 0.01984583133341182
13 462 0.018031527172320906
15 94 0.015490618238395343
32 884 0.017210921928154165
37 38 0.025430796868224876
38 198 0.023937643735124796
53 347 0.024102557764724464
59 1443 0.021921908752725445
61 354 0.02675069187999618
64 108 0.028516611428713166
68 137 0.01688793724202741
Using the mean of all the 12 GCs 
12GCs 4519 0.02262688276920788
Using the median of the sample 
12GCs 4502 0.02259909610815547
8 160 0.023128320038408697
12 294 0.01984583133341182
13 462 0.018031527172320906
15 94 0.015490618238395343
32 884 0.017210921928154165
37 38 0.025430796868224876
38 198 0.023937643735124796
53 347 0.024102557764724464
59 1443 0.021921908752725445
61 354 0.02675069187999618
64 108 0.028516611428713166
68 137 0.01688793724202741
Using the mean of all the 12 GCs 
12GCs 4519 0.02262688276920788
Using the median of the sample 
12GCs 4502 0.02259909610815547
8 160 0.023128320038408697
12 294 0.01984583133341182
13 462 0.018031527172320906
15 94 0.015490618238395343
32 884 0.017210921928154165
37 38 0.025430796868224876
38 198 0.023937643735124796
53 347 0.024102557764724464
59 1443 0.021921908752725445
61 354 0.02675069187999618
64 108 0.028516611428713166
68 137 0.01688793724202741
Using the mean of all the 12 GCs 
12GCs 4519 0.02262688276920788
Using the median of the sample 
12GCs 4502 0.02259909610815547
8 160 0.023128320038408697
12 294 0.01984583133341182
13 462 0.018031527172320906
15 94 0.015490618238395343
32 884 0.017210921928154165
37 38 0.025430796868224876
38 198 0.023937643735124796
53 347 0.024102557764724464
59 1443 0.021921908752725445
61 354 0.02675069187999618
64 108 0.028516611428713166
68 137 0.01688793724202741
Using the mean of all the 12 GCs 
12GCs 4519 0.02262688276920788
Using the median of the sample 
12GCs 4502 0.02259909610815547
8 160 0.023128320038408697
12 294 0.01984583133341182
13 462 0.018031527172320906
15 94 0.015490618238395343
32 884 0.017210921928154165
37 38 0.025430796868224876
38 198 0.023937643735124796
53 347 0.024102557764724464
59 1443 0.021921908752725445
61 354 0.02675069187999618
64 108 0.028516611428713166
68 137 0.01688793724202741
Using the mean of all the 12 GCs 
12GCs 4519 0.02262688276920788
Using the median of the sample 
12GCs 4502 0.02259909610815547
8 160 0.023128320038408697
12 294 0.01984583133341182
13 462 0.018031527172320906
15 94 0.015490618238395343
32 884 0.017210921928154165
37 38 0.025430796868224876
38 198 0.023937643735124796
53 347 0.024102557764724464
59 1443 0.021921908752725445
61 354 0.02675069187999618
64 108 0.028516611428713166
68 137 0.01688793724202741
Using the mean of all the 12 GCs 
12GCs 4519 0.02262688276920788
Using the median of the sample 
12GCs 4502 0.02259909610815547
8 160 0.023128320038408697
12 294 0.01984583133341182
13 462 0.018031527172320906
15 94 0.015490618238395343
32 884 0.017210921928154165
37 38 0.025430796868224876
38 198 0.023937643735124796
53 347 0.024102557764724464
59 1443 0.021921908752725445
61 354 0.02675069187999618
64 108 0.028516611428713166
68 137 0.01688793724202741
Using the mean of all the 12 GCs 
12GCs 4519 0.02262688276920788
Using the median of the sample 
12GCs 4502 0.02259909610815547
8 160 0.023128320038408697
12 294 0.01984583133341182
13 462 0.018031527172320906
15 94 0.015490618238395343
32 884 0.017210921928154165
37 38 0.025430796868224876
38 198 0.023937643735124796
53 347 0.024102557764724464
59 1443 0.021921908752725445
61 354 0.02675069187999618
64 108 0.028516611428713166
68 137 0.01688793724202741
Using the mean of all the 12 GCs 
12GCs 4519 0.02262688276920788
Using the median of the sample 
12GCs 4502 0.02259909610815547
8 160 0.023128320038408697
12 294 0.01984583133341182
13 462 0.018031527172320906
15 94 0.015490618238395343
32 884 0.017210921928154165
37 38 0.025430796868224876
38 198 0.023937643735124796
53 347 0.024102557764724464
59 1443 0.021921908752725445
61 354 0.02675069187999618
64 108 0.028516611428713166
68 137 0.01688793724202741
Using the mean of all the 12 GCs 
12GCs 4519 0.02262688276920788
Using the median of the sample 
12GCs 4502 0.02259909610815547
8 160 0.023128320038408697
12 294 0.01984583133341182
13 462 0.018031527172320906
15 94 0.015490618238395343
32 884 0.017210921928154165
37 38 0.025430796868224876
38 198 0.023937643735124796
53 347 0.024102557764724464
59 1443 0.021921908752725445
61 354 0.02675069187999618
64 108 0.028516611428713166
68 137 0.01688793724202741
Using the mean of all the 12 GCs 
12GCs 4519 0.02262688276920788
Using the median of the sample 
12GCs 4502 0.02259909610815547
8 160 0.023128320038408697
12 294 0.01984583133341182
13 462 0.018031527172320906
15 94 0.015490618238395343
32 884 0.017210921928154165
37 38 0.025430796868224876
38 198 0.023937643735124796
53 347 0.024102557764724464
59 1443 0.021921908752725445
61 354 0.02675069187999618
64 108 0.028516611428713166
68 137 0.01688793724202741
Using the mean of all the 12 GCs 
12GCs 4519 0.02262688276920788
Using the median of the sample 
12GCs 4502 0.02259909610815547
