2.000000000000000164e-05 -8.670483752489120661e+02
2.066869842267550072e-05 -8.949295691884348116e+02
2.135975472437544027e-05 -9.237058398272331488e+02
2.207391643902171255e-05 -9.534105452460747756e+02
2.281195609427394449e-05 -9.840700011286087374e+02
2.357467204719313169e-05 -1.015712848625121751e+03
2.436288934784564352e-05 -1.048373423919351126e+03
2.517746063178175121e-05 -1.082089144900382280e+03
2.601926704235410016e-05 -1.116882811160589881e+03
2.688921918387384303e-05 -1.152796186888055445e+03
2.778825810663545582e-05 -1.189862395516205879e+03
2.871735632487579741e-05 -1.228125465302282237e+03
2.967751886876853870e-05 -1.267618628159968694e+03
3.066978437159193627e-05 -1.308379238844688871e+03
3.169522619324599853e-05 -1.350442468416120391e+03
3.275495358133433647e-05 -1.393873514277172035e+03
3.385011287106671010e-05 -1.438693536161927568e+03
3.498188872528021299e-05 -1.484952654062210968e+03
3.615150541592045298e-05 -1.532699761746322565e+03
3.736022814836899319e-05 -1.581979613720021689e+03
3.860936443004954884e-05 -1.632849423806544564e+03
3.990026548479344494e-05 -1.685350512404151459e+03
4.123432771449419843e-05 -1.739547309064755154e+03
4.261299420963254024e-05 -1.795468937267026831e+03
4.403775631030562105e-05 -1.853199729018846483e+03
4.551015521944909301e-05 -1.912796252935814891e+03
4.703178366999723984e-05 -1.974289345981774204e+03
4.860428764778435972e-05 -2.037771426552417097e+03
5.022936817205134787e-05 -2.103287736689596841e+03
5.190878313548323190e-05 -2.170907138288568149e+03
5.364434920576834987e-05 -2.240703404691741071e+03
5.543794379073590958e-05 -2.312734962521155467e+03
5.729150706919781900e-05 -2.387091167161021076e+03
5.920704408969155763e-05 -2.463840896331082604e+03
6.118662693939432690e-05 -2.543048223160771158e+03
6.323239698555469304e-05 -2.624788912274942504e+03
6.534656719186627638e-05 -2.709171831324204504e+03
6.753142451228926792e-05 -2.796261859024539717e+03
6.978933236490913268e-05 -2.886151823944373518e+03
7.212273318850868345e-05 -2.978935016710424406e+03
7.453415108461877573e-05 -3.074674266676885509e+03
7.702619454790587906e-05 -3.173505935835145920e+03
7.960155928784993205e-05 -3.275507712363883002e+03
8.226303114476471348e-05 -3.380774219023123351e+03
8.501348910331518868e-05 -3.489440650824183194e+03
8.785590840679157983e-05 -3.601592801175413570e+03
9.079336377550881697e-05 -3.717339015646467033e+03
9.382903273281309529e-05 -3.836785768995311173e+03
9.696619904229312483e-05 -3.960076019251811431e+03
1.002082562599141270e-04 -4.087327865592891158e+03
1.035587114049174785e-04 -4.218648999483812986e+03
1.070211887534562421e-04 -4.354202117053298934e+03
1.105994337590709140e-04 -4.494064892009635514e+03
1.142973171042456330e-04 -4.638441278725846132e+03
1.181188388874281471e-04 -4.787442875854658269e+03
1.220681329500424115e-04 -4.941200900081252257e+03
1.261494713481742377e-04 -5.099910200129208533e+03
1.303672689737678670e-04 -5.263706488346639162e+03
1.347260883303314362e-04 -5.432732187541982057e+03
1.392306444683180742e-04 -5.607155118306842269e+03
1.438858100855209437e-04 -5.787181670278877391e+03
1.486966207979997041e-04 -5.972955579501071043e+03
1.536682805872396744e-04 -6.164711397177848085e+03
1.588061674294368483e-04 -6.362534317031800128e+03
1.641158391129971276e-04 -6.566707765871986339e+03
1.696030392505434848e-04 -6.777408882870695379e+03
1.752737034919339915e-04 -6.994869151658223018e+03
1.811339659450114388e-04 -7.219217508241677933e+03
1.871901658110307874e-04 -7.450700740992820101e+03
1.934488542419408646e-04 -7.689621495376930397e+03
1.999168014269393128e-04 -7.936143775825282319e+03
2.066010039159656652e-04 -8.190513674549771167e+03
2.135086921880547338e-04 -8.452993278674224712e+03
2.206473384727377968e-04 -8.723760153298560908e+03
2.280246648329511538e-04 -9.003206083604285595e+03
2.356486515181963309e-04 -9.291507413030303724e+03
2.435275455969876748e-04 -9.588962190229800399e+03
2.516698698779247295e-04 -9.895791093814854321e+03
2.600844321290405573e-04 -1.021237148072730270e+04
2.687803346053976817e-04 -1.053899200864924569e+04
2.777669838952388651e-04 -1.087586686723478488e+04
2.870541010953427292e-04 -1.122346567892472922e+04
2.966517323265922064e-04 -1.158200236705032148e+04
3.065702596011295341e-04 -1.195183947867602365e+04
3.168204120528543403e-04 -1.233332423512290188e+04
3.274132775434116785e-04 -1.272675959592210347e+04
3.383603146562264279e-04 -1.313253792717588294e+04
3.496733650915567022e-04 -1.355108834371889134e+04
3.613646664759745386e-04 -1.398262950512888892e+04
3.734468656001317080e-04 -1.442777730722365595e+04
3.859330320991275886e-04 -1.488669829068191757e+04
3.988366725902805230e-04 -1.535996160061167029e+04
4.121717452835938129e-04 -1.584783333632995345e+04
4.259526750807212541e-04 -1.635091510056629522e+04
4.401943691787655547e-04 -1.686951665510451130e+04
4.549122331957894719e-04 -1.740412691160542454e+04
4.701221878354804149e-04 -1.795523408880825082e+04
4.858406861089974399e-04 -1.852314115240488900e+04
5.020847311326308640e-04 -1.910858974813475652e+04
5.188718945205230424e-04 -1.971180221990913560e+04
5.362203353923492141e-04 -2.033333156256764778e+04
5.541488200165187389e-04 -2.097385600559878367e+04
5.726767421101455150e-04 -2.163369970979555001e+04
5.918241438177454907e-04 -2.231352915854786625e+04
6.116117373913557359e-04 -2.301378424584960158e+04
6.320609275955268004e-04 -2.373501730697113817e+04
6.531938348614238542e-04 -2.447771463338339527e+04
6.750333192150836329e-04 -2.524253445024391840e+04
6.976030050057104547e-04 -2.603011401287088302e+04
7.209273064607610694e-04 -2.684064032821571527e+04
7.450314540954613768e-04 -2.767521591006117887e+04
7.699415220053250396e-04 -2.853405914985388881e+04
7.956844560711916160e-04 -2.941802327580269412e+04
8.222881031073025473e-04 -3.032750923166896609e+04
8.497812409839368810e-04 -3.126321798904320167e+04
8.781936097571961097e-04 -3.222557456055270086e+04
9.075559438396131216e-04 -3.321555791367488564e+04
9.379000052463793693e-04 -3.423342098625875224e+04
9.692586179531593148e-04 -3.527999354412577668e+04
1.001665703402655023e-03 -3.635566489239806106e+04
1.035156317198330069e-03 -3.746154973147064447e+04
1.069766687024985286e-03 -3.859737949107374880e+04
1.105534251837205851e-03 -3.976453495327440760e+04
1.142497702358069404e-03 -4.096347772166447976e+04
1.180697022931930960e-03 -4.219436971654359513e+04
1.220173534776542454e-03 -4.345835684790407686e+04
1.260969940681316284e-03 -4.475541014957200241e+04
1.303130371200056587e-03 -4.608647038497575704e+04
1.346700432388157767e-03 -4.745216796066179086e+04
1.391727255135877424e-03 -4.885242875719623407e+04
1.438259546151070007e-03 -5.028831660958071734e+04
1.486347640646530459e-03 -5.176012231185446581e+04
1.536043556788919398e-03 -5.326824639650663448e+04
1.587401051968200579e-03 -5.481309205368749099e+04
1.640475680948428249e-03 -5.639498185220715095e+04
1.695324855962815390e-03 -5.801435535241974139e+04
1.752007908818060174e-03 -5.967120538293504069e+04
1.810586155075142928e-03 -6.136609639871085528e+04
1.871122960375984270e-03 -6.309891253258196230e+04
1.933683808987751848e-03 -6.487021065749239642e+04
1.998336374638913938e-03 -6.667959140723358723e+04
2.065150593723721201e-03 -6.852777562489346019e+04
2.134198740954243185e-03 -7.041320161280949833e+04
2.205555507541849362e-03 -7.233741329980283626e+04
2.279298081992675151e-03 -7.429958486169583921e+04
2.355506233604463730e-03 -7.629904613413255720e+04
2.434262398755145627e-03 -7.833591495512987603e+04
2.515651770076436904e-03 -8.040943810567886976e+04
2.599762388608985089e-03 -8.251929166845130385e+04
2.686685239038679764e-03 -8.466452124244508741e+04
2.776514348117217236e-03 -8.684448298497452924e+04
2.869346886373309435e-03 -8.905806566937481693e+04
2.965283273224645581e-03 -9.130490833325720450e+04
3.064427285604211931e-03 -9.358321690640189627e+04
3.166886170218578649e-03 -9.589236364716198295e+04
3.272770759559481216e-03 -9.822986749926325865e+04
3.382195591794276077e-03 -1.005951591103519750e+05
3.495279034664920681e-03 -1.029865686613941944e+05
3.612143413529477973e-03 -1.054010030732181913e+05
3.732915143684721951e-03 -1.078374623803676222e+05
3.857724867112893516e-03 -1.102940198371162551e+05
3.986707593800617976e-03 -1.127672613271122682e+05
4.120002847782761740e-03 -1.152549852940375131e+05
4.257754818069308354e-03 -1.177547438478221593e+05
4.400112514618404608e-03 -1.202628554246990680e+05
4.547229929524409554e-03 -1.227777578161897400e+05
4.699266203595197679e-03 -1.252931074470849417e+05
4.856385798499019031e-03 -1.278083468792740168e+05
5.018758674667020935e-03 -1.303176156659870030e+05
5.186560475143959549e-03 -1.328182097475807241e+05
5.359972715585955248e-03 -1.353053966548123572e+05
5.539182980610755057e-03 -1.377739645695961372e+05
5.724385126713026593e-03 -1.402204074415472860e+05
5.915779491964028892e-03 -1.426392404836052156e+05
6.113573112722652143e-03 -1.450256937020893674e+05
6.317979947592099882e-03 -1.473730775517979346e+05
6.529221108864616957e-03 -1.496759660520481120e+05
6.747525101704480652e-03 -1.519293407125808008e+05
6.973128071328140755e-03 -1.541258036229950958e+05
7.206274058448705437e-03 -1.562588605506704771e+05
7.447215263261310406e-03 -1.583236836930962454e+05
7.696212318254701257e-03 -1.603113319885980454e+05
7.953534570144332738e-03 -1.622144796007570985e+05
8.219460371231864307e-03 -1.640275403982039425e+05
8.494277380506187053e-03 -1.657412684377697296e+05
8.778282874811823774e-03 -1.673468830618143547e+05
9.071784070421121463e-03 -1.688385785475638113e+05
9.375098455358292851e-03 -1.702057255368817423e+05
9.688554132834568261e-03 -1.714407415808148216e+05
1.001249017616620725e-02 -1.725351351957232109e+05
1.034725699555901803e-02 -1.734791186721122067e+05
1.069321671715643858e-02 -1.742647016020083684e+05
1.105074357476093505e-02 -1.748822691017341276e+05
1.142022431465263173e-02 -1.753228459627807024e+05
1.180205861394306721e-02 -1.755765619318672980e+05
1.219665951291643881e-02 -1.756353962320814026e+05
1.260445386182631328e-02 -1.754900903265655506e+05
1.302588278263077520e-02 -1.751306067526158877e+05
1.346140214616583890e-02 -1.745495720423861349e+05
1.391148306527291781e-02 -1.737393683480881446e+05
1.437661240441416924e-02 -1.726905690737412951e+05
1.485729330632660182e-02 -1.713973372219677840e+05
1.535404573628500365e-02 -1.698532109162269335e+05
1.586740704456205894e-02 -1.680510810756668216e+05
1.639793254769450481e-02 -1.659890553312959091e+05
1.694619612918364313e-02 -1.636609078108546673e+05
1.751279086028037155e-02 -1.610665213729208335e+05
1.809832964152614798e-02 -1.582026590475431876e+05
1.870344586574363213e-02 -1.550745833513643593e+05
1.932879410319460894e-02 -1.516811518517260265e+05
1.997505080964588620e-02 -1.480306900345548929e+05
2.064291505810955316e-02 -1.441265853363644565e+05
2.133310929504865505e-02 -1.399832405766886077e+05
2.204638012186681956e-02 -1.356122006934694364e+05
2.278349910252664909e-02 -1.310266402996510296e+05
2.354526359817107548e-02 -1.262463451613141224e+05
2.433249762964985810e-02 -1.212935219657879788e+05
2.514605276888498206e-02 -1.161917727546452079e+05
2.598680906003840441e-02 -1.109669239677059668e+05
2.685567597147924673e-02 -1.056528593316199986e+05
2.775359337957988490e-02 -1.002788650803290802e+05
2.868153258540498754e-02 -9.488175563301853254e+04
2.964049736539381419e-02 -8.949872874505013169e+04
3.063152505717161092e-02 -8.416807206706627039e+04
3.165568768166540647e-02 -7.892948195500038855e+04
3.271409310273729054e-02 -7.382332955429551657e+04
3.380788622559029871e-02 -6.888747435068679624e+04
3.493825023524253087e-02 -6.416063987912656012e+04
3.610640787640997940e-02 -5.967797105386497424e+04
3.731362277618164441e-02 -5.547061507100563176e+04
3.856120081091872487e-02 -5.156740302837927447e+04
3.985049151885547425e-02 -4.799005207464150590e+04
4.118288955993056055e-02 -4.475653333930430381e+04
4.255983622442782027e-02 -4.187578357081535796e+04
4.398282099205792772e-02 -3.935008522100897972e+04
4.545338314316834522e-02 -3.717348994978638802e+04
4.697311342382341770e-02 -3.533217590865083912e+04
4.854365576655684383e-02 -3.380246926088061446e+04
5.016670906865677154e-02 -3.255220196489398950e+04
5.184402902990837420e-02 -3.153848691742101801e+04
5.357743005178047802e-02 -3.071074172348887441e+04
5.536878720011212396e-02 -3.001074857494797470e+04
5.722003823342062395e-02 -2.937176276205661270e+04
5.913318569902666078e-02 -2.872281704926499879e+04
6.111029909926251474e-02 -2.799128856955647643e+04
6.315351713010779189e-02 -2.710634049418280847e+04
6.526504999467336310e-02 -2.600397216930756622e+04
6.744718179403717817e-02 -2.463480601205632775e+04
6.970227299801623477e-02 -2.296967762567802492e+04
7.203276299854979858e-02 -2.100477732884506986e+04
7.444117274845411802e-02 -1.876708005880157725e+04
7.693010748840443946e-02 -1.631652019196728361e+04
7.950225956509210379e-02 -1.374423513221556641e+04
8.216041134360790865e-02 -1.116474054281215467e+04
8.490743821719984319e-02 -8.706703853651675672e+03
8.774631171766281157e-02 -6.499321341451309308e+03
9.068010272972255870e-02 -4.656521892529852266e+03
9.371198481289348681e-02 -3.259892511521784400e+03
9.684523763440215649e-02 -2.353589501638875390e+03
1.000832505168899600e-01 -1.931851930806109976e+03
1.034295261047340625e-01 -1.943363557088523976e+03
1.068876841529496080e-01 -2.291036305214076947e+03
1.104614654427753945e-01 -2.842294523768254294e+03
1.141547358281756464e-01 -3.437444815426285459e+03
1.179714904176376727e-01 -3.907384276319464334e+03
1.219158578957853512e-01 -4.094217016261995923e+03
1.259921049894874856e-01 -3.883189571031576634e+03
1.302046410832891354e-01 -3.232521988569586028e+03
1.345580229891604751e-01 -2.198310952191647630e+03
1.390569598757198100e-01 -9.350188463196083148e+02
1.437063183622670492e-01 3.340318864241804135e+02
1.485111277831346888e-01 1.372700753642324344e+03
1.534765856280515817e-01 1.999432777915290444e+03
1.586080631644066208e-01 2.137904493538299903e+03
1.639111112474894438e-01 1.834922157460723156e+03
1.693914663249987407e-01 1.245301671087156592e+03
1.750550566423093313e-01 5.916003520159156324e+02
1.809080086552135869e-01 1.095676071917847594e+02
1.869566536570689830e-01 -1.845281250456265099e+01
1.932075346275276828e-01 2.643044853366733378e+02
1.996674133102498971e-01 8.565589798701951167e+02
2.063432775272630582e-01 1.520912442157691430e+03
2.132423487378718452e-01 1.981864391080371888e+03
2.203720898503036263e-01 2.085516988835099710e+03
2.277402132945338109e-01 1.826747604694342726e+03
2.353546893650253491e-01 1.390264254336051408e+03
2.432237548424092122e-01 1.004095260507166586e+03
2.513559219034258718e-01 8.740683636509799044e+02
2.597599873287743666e-01 1.028869673902275736e+03
2.684450420188219666e-01 1.337229090245165708e+03
2.774204808274743361e-01 1.561102694418863393e+03
2.866960127248350254e-01 1.554929060521531937e+03
2.962816712996577673e-01 1.344841441927609367e+03
3.061878256129444420e-01 1.098015565900293268e+03
3.164251914144354805e-01 9.881862163785632447e+02
3.270048427341168962e-01 1.047641465269260607e+03
3.379382238612947953e-01 1.160620605188076752e+03
3.492371617241852855e-01 1.181951925983541059e+03
3.609138786834163448e-01 1.077341021131768457e+03
3.729810057532814693e-01 9.430991561052583165e+02
3.854515962650386651e-01 8.859438641550293596e+02
3.983391399870480631e-01 9.057359979582843152e+02
4.116575777170102257e-01 9.148067277017501056e+02
4.254213163620995108e-01 8.605631144206829504e+02
4.396452445232932327e-01 7.836147056590968987e+02
4.543447486007690661e-01 7.433025562756204181e+02
4.695357294377799362e-01 7.329236982756298175e+02
4.852346195210218704e-01 7.066410075902322205e+02
5.014584007560848322e-01 6.582528700885732178e+02
5.182246228372336949e-01 6.189989571063466656e+02
5.355514222313770833e-01 5.959934583908786863e+02
5.534575417967635413e-01 5.685046090620851373e+02
5.719623510576314906e-01 5.333366538205003735e+02
5.910858671567322808e-01 5.042909651833778071e+02
6.108487765084068544e-01 4.803390836526685916e+02
6.312724571756275216e-01 4.532772731245426598e+02
6.523790019952193653e-01 4.267503835806637653e+02
6.741912424762606104e-01 4.039215136943331572e+02
6.967327734975364839e-01 3.808014604849839202e+02
7.200279788307419881e-01 3.585670973644602100e+02
7.441020575170596008e-01 3.379566711086411033e+02
7.689810511256225389e-01 3.180396901544548882e+02
7.946918719233755368e-01 2.990995013928319963e+02
8.212623319867858873e-01 2.812241223464960171e+02
8.487211732869031078e-01 2.641940031027971258e+02
8.770980987803161932e-01 2.480763291212973343e+02
9.064238045396205701e-01 2.327752625243880686e+02
9.367300129581793700e-01 2.183078527473003305e+02
9.680495070650749767e-01 2.046368573736688461e+02
1.000416165987385808e+00 1.917225508083421346e+02
1.033865001598128330e+00 1.795383881725805395e+02
1.068432196389532240e+00 1.680438418090706421e+02
1.104155142612600837e+00 1.572115616642010423e+02
1.141072482725305592e+00 1.470062569404381634e+02
1.179224151193147607e+00 1.373945434109471080e+02
1.218651417687333982e+00 1.283661283888663149e+02
1.259396931727273516e+00 1.198644342405769692e+02
1.301504768815691548e+00 1.118989092672267844e+02
1.345020478116276896e+00 1.044144639853598733e+02
1.389991131725407447e+00 9.738595390722360889e+01
1.436465375591293947e+00 9.079571360101044775e+01
1.484493482135585296e+00 8.461901933669118137e+01
1.534127404634392455e+00 7.883609293102330184e+01
1.585420833417506836e+00 7.341874316879051321e+01
1.638429253946665609e+00 6.835328438864559075e+01
1.693210006835640158e+00 6.360923510015320659e+01
1.749822349877109051e+00 5.918135155236723932e+01
1.808327522143368116e+00 5.504225651512698647e+01
1.868788810230267217e+00 5.117399872479367673e+01
1.931271616715998229e+00 4.756182434902271439e+01
1.995843530908793184e+00 4.419260714018258085e+01
2.062574401960084458e+00 4.104804767138847410e+01
2.131536414422164238e+00 3.811762381327121574e+01
2.202804166332139602e+00 3.538393218246395122e+01
2.276454749906602792e+00 3.283893085188804406e+01
2.352567834934338631e+00 3.046831159441993364e+01
2.431225754957225149e+00 2.826002499846786264e+01
2.512513596332623944e+00 2.620524146433799118e+01
2.596519290273538783e+00 2.429427975181123145e+01
2.683333707966161441e+00 2.251627364050131774e+01
2.773050758867611432e+00 2.086223747538127071e+01
2.865767492290306695e+00 1.932584009859463592e+01
2.961584202382770314e+00 1.789860149791345734e+01
3.060604536620467719e+00 1.657212355057248132e+01
3.162935607924048931e+00 1.534093240258276580e+01
3.268688110526199786e+00 1.419743761717216657e+01
3.377976439712552459e+00 1.313628392488186769e+01
3.490918815566087297e+00 1.215170752276212696e+01
3.607637410848952619e+00 1.123883074035390983e+01
3.728258483159945236e+00 1.039227626571969232e+01
3.852912511510727001e+00 9.607196110340423090e+00
3.981734337468417539e+00 8.879464301690576988e+00
4.114863311017320058e+00 8.205543458284052960e+00
4.252443441297450555e+00 7.581301464971344828e+00
4.394623552383071896e+00 7.002844979628902955e+00
4.541557444269631816e+00 6.467488269034172177e+00
4.693404059243289517e+00 5.972100087525023859e+00
4.850327653813030437e+00 5.513348161852313467e+00
5.012497976391239618e+00 5.088931602970728107e+00
5.180090450915090017e+00 4.696591673180082971e+00
5.353286366607249214e+00 4.333438256512693876e+00
5.532273074081278885e+00 3.997805474669003711e+00
5.717244188003695271e+00 3.687566344338534474e+00
5.908399796532135539e+00 3.400734684832445343e+00
6.105946677756002750e+00 3.135807685876577100e+00
6.310098523373801171e+00 2.891027323254351522e+00
6.521076169849157722e+00 2.664898575745455744e+00
6.739107837295406966e+00 2.456048260701897856e+00
6.964429376347387013e+00 2.263237956031155740e+00
7.197284523287298619e+00 2.085259983451826393e+00
7.437925163700752407e+00 1.920989282289697453e+00
7.686611604948010879e+00 1.769402934084404633e+00
7.943612857745410594e+00 1.629541793022955876e+00
8.209206927161357470e+00 1.500518866779638749e+00
8.483681113341843272e+00 1.381498200728695336e+00
8.767332322290526392e+00 1.271757987962591541e+00
9.060467387039910392e+00 1.170583144380898721e+00
9.363403399560734641e+00 1.077287115710333421e+00
9.676468053768756405e+00 9.913015178438446817e-01
1.000000000000001243e+01 9.120725556791238198e-01
