2.000000000000000164e-05 1.091541312779188047e+03
2.066869842267550072e-05 1.126642694284104209e+03
2.135975472437544027e-05 1.162854592673008028e+03
2.207391643902171255e-05 1.200260244873453757e+03
2.281195609427394449e-05 1.238860126618222466e+03
2.357467204719313169e-05 1.278719233118587908e+03
2.436288934784564352e-05 1.319834560786583324e+03
2.517746063178175121e-05 1.362245656035148386e+03
2.601926704235410016e-05 1.406066372489542800e+03
2.688921918387384303e-05 1.451301103694356698e+03
2.778825810663545582e-05 1.497928842673063400e+03
2.871735632487579741e-05 1.546116047710750991e+03
2.967751886876853870e-05 1.595833894595395122e+03
3.066978437159193627e-05 1.647149621241359682e+03
3.169522619324599853e-05 1.700095810564659814e+03
3.275495358133433647e-05 1.754768327366845369e+03
3.385011287106671010e-05 1.811209605157227088e+03
3.498188872528021299e-05 1.869448837630747448e+03
3.615150541592045298e-05 1.929545809405609361e+03
3.736022814836899319e-05 1.991608738948649943e+03
3.860936443004954884e-05 2.055648993952594083e+03
3.990026548479344494e-05 2.121759266225556985e+03
4.123432771449419843e-05 2.190022685802291107e+03
4.261299420963254024e-05 2.260418406235275143e+03
4.403775631030562105e-05 2.333104790031312859e+03
4.551015521944909301e-05 2.408129098711880488e+03
4.703178366999723984e-05 2.485536024219461524e+03
4.860428764778435972e-05 2.565431836398824998e+03
5.022936817205134787e-05 2.647920421636267292e+03
5.190878313548323190e-05 2.733109740272805993e+03
5.364434920576834987e-05 2.820937121710738666e+03
5.543794379073590958e-05 2.911641704186339211e+03
5.729150706919781900e-05 3.005286653841732459e+03
5.920704408969155763e-05 3.101875783568871611e+03
6.118662693939432690e-05 3.201687853561394604e+03
6.323239698555469304e-05 3.304608394159739873e+03
6.534656719186627638e-05 3.410846196991384659e+03
6.753142451228926792e-05 3.520509639906892971e+03
6.978933236490913268e-05 3.633707129612171684e+03
7.212273318850868345e-05 3.750477086419448824e+03
7.453415108461877573e-05 3.871072367796934486e+03
7.702619454790587906e-05 3.995505663034835834e+03
7.960155928784993205e-05 4.123925653953784604e+03
8.226303114476471348e-05 4.256441143354550150e+03
8.501348910331518868e-05 4.393412363268575973e+03
8.785590840679157983e-05 4.534580647778254388e+03
9.079336377550881697e-05 4.680458897242408966e+03
9.382903273281309529e-05 4.830743053770911501e+03
9.696619904229312483e-05 4.986079147582245241e+03
1.002082562599141270e-04 5.146317021131018919e+03
1.035587114049174785e-04 5.311793131987862580e+03
1.070211887534562421e-04 5.482409658103866605e+03
1.105994337590709140e-04 5.658624689947582738e+03
1.142973171042456330e-04 5.840420822123784092e+03
1.181188388874281471e-04 6.028083274981216164e+03
1.220681329500424115e-04 6.221869361402984396e+03
1.261494713481742377e-04 6.421842569012852437e+03
1.303672689737678670e-04 6.628188148570119665e+03
1.347260883303314362e-04 6.841065281767497254e+03
1.392306444683180742e-04 7.060968097080520238e+03
1.438858100855209437e-04 7.287729076307414289e+03
1.486966207979997041e-04 7.521831078516971502e+03
1.536682805872396744e-04 7.763378673326208627e+03
1.588061674294368483e-04 8.012655355601310475e+03
1.641158391129971276e-04 8.270058671364240581e+03
1.696030392505434848e-04 8.535648648960988794e+03
1.752737034919339915e-04 8.809719873781725255e+03
1.811339659450114388e-04 9.092507967947503857e+03
1.871901658110307874e-04 9.384368209369462420e+03
1.934488542419408646e-04 9.685839859002606318e+03
1.999168014269393128e-04 9.996531372442577776e+03
2.066010039159656652e-04 1.031745708368285523e+04
2.135086921880547338e-04 1.064840645117212625e+04
2.206473384727377968e-04 1.099010992345402701e+04
2.280246648329511538e-04 1.134237857113313476e+04
2.356486515181963309e-04 1.170632653243696404e+04
2.435275455969876748e-04 1.208174653966484948e+04
2.516698698779247295e-04 1.246912626635043125e+04
2.600844321290405573e-04 1.286880929056001332e+04
2.687803346053976817e-04 1.328101371022480089e+04
2.777669838952388651e-04 1.370662809507180464e+04
2.870541010953427292e-04 1.414545285094451538e+04
2.966517323265922064e-04 1.459850380709454294e+04
3.065702596011295341e-04 1.506582570777356705e+04
3.168204120528543403e-04 1.554805831064121412e+04
3.274132775434116785e-04 1.604575530342344791e+04
3.383603146562264279e-04 1.655864956709481339e+04
3.496733650915567022e-04 1.708816385996716417e+04
3.613646664759745386e-04 1.763458818193900152e+04
3.734468656001317080e-04 1.819774882379853807e+04
3.859330320991275886e-04 1.877868763420672258e+04
3.988366725902805230e-04 1.937845596039319207e+04
4.121717452835938129e-04 1.999669834829300817e+04
4.259526750807212541e-04 2.063421591807587174e+04
4.401943691787655547e-04 2.129237009819903324e+04
4.549122331957894719e-04 2.197070607164083049e+04
4.701221878354804149e-04 2.267007307778765971e+04
4.858406861089974399e-04 2.339184628756820894e+04
5.020847311326308640e-04 2.413537465277975571e+04
5.188718945205230424e-04 2.490226647469125237e+04
5.362203353923492141e-04 2.569312643365998520e+04
5.541488200165187389e-04 2.650831417612218138e+04
5.726767421101455150e-04 2.734882034750979074e+04
5.918241438177454907e-04 2.821497622492884693e+04
6.116117373913557359e-04 2.910813430572043580e+04
6.320609275955268004e-04 3.002869473234800535e+04
6.531938348614238542e-04 3.097763718536888337e+04
6.750333192150836329e-04 3.195500603670896089e+04
6.976030050057104547e-04 3.296325096200597181e+04
7.209273064607610694e-04 3.400068432403704355e+04
7.450314540954613768e-04 3.507114998632951756e+04
7.699415220053250396e-04 3.617204373468360427e+04
7.956844560711916160e-04 3.730766465801814047e+04
8.222881031073025473e-04 3.847652533362198301e+04
8.497812409839368810e-04 3.968138030713678017e+04
8.781936097571961097e-04 4.092176078321031673e+04
9.075559438396131216e-04 4.219779453490455489e+04
9.379000052463793693e-04 4.351332148329331540e+04
9.692586179531593148e-04 4.486563726347403281e+04
1.001665703402655023e-03 4.625952960330008500e+04
1.035156317198330069e-03 4.769444497356995271e+04
1.069766687024985286e-03 4.916891219195999292e+04
1.105534251837205851e-03 5.068736563868456142e+04
1.142497702358069404e-03 5.224932916254258453e+04
1.180697022931930960e-03 5.385669797308820853e+04
1.220173534776542454e-03 5.550849414022121346e+04
1.260969940681316284e-03 5.720790433413417486e+04
1.303130371200056587e-03 5.895462378860299941e+04
1.346700432388157767e-03 6.075045752883518435e+04
1.391727255135877424e-03 6.259510824760935066e+04
1.438259546151070007e-03 6.449237053653744078e+04
1.486347640646530459e-03 6.643995257705423865e+04
1.536043556788919398e-03 6.844148272946267389e+04
1.587401051968200579e-03 7.049576088731035998e+04
1.640475680948428249e-03 7.260562622203887440e+04
1.695324855962815390e-03 7.477143365825919318e+04
1.752007908818060174e-03 7.699472515717723581e+04
1.810586155075142928e-03 7.927179281500684738e+04
1.871122960375984270e-03 8.161057674518147542e+04
1.933683808987751848e-03 8.400764348451475962e+04
1.998336374638913938e-03 8.646512776820748695e+04
2.065150593723721201e-03 8.898343618350142788e+04
2.134198740954243185e-03 9.156196575040853349e+04
2.205555507541849362e-03 9.420334371609860682e+04
2.279298081992675151e-03 9.690777172843679728e+04
2.355506233604463730e-03 9.967544443467273959e+04
2.434262398755145627e-03 1.025077543685070850e+05
2.515651770076436904e-03 1.053999645017010771e+05
2.599762388608985089e-03 1.083595032504490518e+05
2.686685239038679764e-03 1.113812881279732392e+05
2.776514348117217236e-03 1.144682843756156071e+05
2.869346886373309435e-03 1.176188957321811613e+05
2.965283273224645581e-03 1.208344424714856141e+05
3.064427285604211931e-03 1.241145605178904370e+05
3.166886170218578649e-03 1.274545538789351122e+05
3.272770759559481216e-03 1.308607710880504746e+05
3.382195591794276077e-03 1.343298968988721899e+05
3.495279034664920681e-03 1.378593536479401228e+05
3.612143413529477973e-03 1.414464860934904136e+05
3.732915143684721951e-03 1.450966375183567579e+05
3.857724867112893516e-03 1.487989221794308978e+05
3.986707593800617976e-03 1.525609146370271046e+05
4.120002847782761740e-03 1.563739020890835091e+05
4.257754818069308354e-03 1.602401039383187890e+05
4.400112514618404608e-03 1.641534362227187667e+05
4.547229929524409554e-03 1.681167336675441475e+05
4.699266203595197679e-03 1.721185565053186729e+05
4.856385798499019031e-03 1.761603211097206804e+05
5.018758674667020935e-03 1.802441894660493126e+05
5.186560475143959549e-03 1.843607936263039592e+05
5.359972715585955248e-03 1.885000976240044984e+05
5.539182980610755057e-03 1.926675549047958048e+05
5.724385126713026593e-03 1.968503040191851032e+05
5.915779491964028892e-03 2.010488197432337329e+05
6.113573112722652143e-03 2.052527955230753287e+05
6.317979947592099882e-03 2.094603626491130562e+05
6.529221108864616957e-03 2.136511285091932805e+05
6.747525101704480652e-03 2.178412817787087697e+05
6.973128071328140755e-03 2.219994890553477744e+05
7.206274058448705437e-03 2.261400917195678048e+05
7.447215263261310406e-03 2.302318042593358550e+05
7.696212318254701257e-03 2.342825605109524331e+05
7.953534570144332738e-03 2.382686548819483432e+05
8.219460371231864307e-03 2.421951616377221071e+05
8.494277380506187053e-03 2.460290868045357929e+05
8.778282874811823774e-03 2.497806430174839916e+05
9.071784070421121463e-03 2.534227995530477201e+05
9.375098455358292851e-03 2.569486297402938944e+05
9.688554132834568261e-03 2.603413793461724708e+05
1.001249017616620725e-02 2.635835000542973867e+05
1.034725699555901803e-02 2.666609768972379388e+05
1.069321671715643858e-02 2.695629974055770435e+05
1.105074357476093505e-02 2.722675830958200386e+05
1.142022431465263173e-02 2.747534396405543084e+05
1.180205861394306721e-02 2.770067690591976861e+05
1.219665951291643881e-02 2.790061163750950363e+05
1.260445386182631328e-02 2.807360964276234154e+05
1.302588278263077520e-02 2.821654402850313345e+05
1.346140214616583890e-02 2.832887525804018951e+05
1.391148306527291781e-02 2.840713839709771564e+05
1.437661240441416924e-02 2.844973293084561592e+05
1.485729330632660182e-02 2.845494662148202769e+05
1.535404573628500365e-02 2.841937872637201217e+05
1.586740704456205894e-02 2.834223260509746615e+05
1.639793254769450481e-02 2.821940758957550279e+05
1.694619612918364313e-02 2.805133699609003379e+05
1.751279086028037155e-02 2.783497199414675706e+05
1.809832964152614798e-02 2.756774489239600371e+05
1.870344586574363213e-02 2.724857055201640469e+05
1.932879410319460894e-02 2.687656989621171961e+05
1.997505080964588620e-02 2.644971483273533522e+05
2.064291505810955316e-02 2.596765457197576470e+05
2.133310929504865505e-02 2.542966026823186257e+05
2.204638012186681956e-02 2.483511785162386950e+05
2.278349910252664909e-02 2.418502318141839351e+05
2.354526359817107548e-02 2.347950847578115936e+05
2.433249762964985810e-02 2.272070084221737343e+05
2.514605276888498206e-02 2.191027120508769585e+05
2.598680906003840441e-02 2.104999805076918856e+05
2.685567597147924673e-02 2.014447649714774161e+05
2.775359337957988490e-02 1.919739661481613293e+05
2.868153258540498754e-02 1.821290207661298336e+05
2.964049736539381419e-02 1.719734449029917305e+05
3.063152505717161092e-02 1.615579132492786448e+05
3.165568768166540647e-02 1.509620927219991572e+05
3.271409310273729054e-02 1.402548179583020101e+05
3.380788622559029871e-02 1.295210824462109158e+05
3.493825023524253087e-02 1.188515175262052362e+05
3.610640787640997940e-02 1.083244635868901969e+05
3.731362277618164441e-02 9.803936974465020467e+04
3.856120081091872487e-02 8.809358009376800328e+04
3.985049151885547425e-02 7.856418977124456433e+04
4.118288955993056055e-02 6.955704708198769367e+04
4.255983622442782027e-02 6.115191523828743084e+04
4.398282099205792772e-02 5.343928384930835455e+04
4.545338314316834522e-02 4.648119420212702971e+04
4.697311342382341770e-02 4.035971454430701851e+04
4.854365576655684383e-02 3.511634406991014112e+04
5.016670906865677154e-02 3.080826810817746446e+04
5.184402902990837420e-02 2.745374695706993225e+04
5.357743005178047802e-02 2.507175005437194341e+04
5.536878720011212396e-02 2.364035750586444192e+04
5.722003823342062395e-02 2.312624136026471024e+04
5.913318569902666078e-02 2.346289191892742019e+04
6.111029909926251474e-02 2.453385437816460035e+04
6.315351713010779189e-02 2.620389952254503805e+04
6.526504999467336310e-02 2.827304103618319277e+04
6.744718179403717817e-02 3.052545235558663626e+04
6.970227299801623477e-02 3.270466919897147454e+04
7.203276299854979858e-02 3.452656493346713251e+04
7.444117274845411802e-02 3.572789838246201543e+04
7.693010748840443946e-02 3.605310399104141834e+04
7.950225956509210379e-02 3.530660811357866623e+04
8.216041134360790865e-02 3.338192890833313868e+04
8.490743821719984319e-02 3.026279277173578521e+04
8.774631171766281157e-02 2.604780523158519645e+04
9.068010272972255870e-02 2.095906530112002656e+04
9.371198481289348681e-02 1.530567453259097965e+04
9.684523763440215649e-02 9.469837381336721592e+03
1.000832505168899600e-01 3.872861434824792013e+03
1.034295261047340625e-01 -1.068088945538299868e+03
1.068876841529496080e-01 -4.970917638301754778e+03
1.104614654427753945e-01 -7.524065073392899649e+03
1.141547358281756464e-01 -8.520818100893793599e+03
1.179714904176376727e-01 -7.911148781698901075e+03
1.219158578957853512e-01 -5.835473256792636676e+03
1.259921049894874856e-01 -2.664405599152443756e+03
1.302046410832891354e-01 1.008705503571556164e+03
1.345580229891604751e-01 4.446313539214390403e+03
1.390569598757198100e-01 6.902691330841365925e+03
1.437063183622670492e-01 7.821821869607001645e+03
1.485111277831346888e-01 6.984552262945596340e+03
1.534765856280515817e-01 4.594009287276484429e+03
1.586080631644066208e-01 1.226594973862732786e+03
1.639111112474894438e-01 -2.320947715967883596e+03
1.693914663249987407e-01 -5.219984267938455559e+03
1.750550566423093313e-01 -6.807220558325103411e+03
1.809080086552135869e-01 -6.736689959528083818e+03
1.869566536570689830e-01 -5.129256977174547501e+03
1.932075346275276828e-01 -2.602732160557377938e+03
1.996674133102498971e-01 -1.300164873142346948e+02
2.063432775272630582e-01 1.330119489969835058e+03
2.132423487378718452e-01 1.269970294150861946e+03
2.203720898503036263e-01 -1.321539047351006104e+02
2.277402132945338109e-01 -2.117091418264575168e+03
2.353546893650253491e-01 -3.725468176154041885e+03
2.432237548424092122e-01 -4.235916057414400711e+03
2.513559219034258718e-01 -3.504657166129210054e+03
2.597599873287743666e-01 -2.058835633563283409e+03
2.684450420188219666e-01 -8.152152852793343527e+02
2.774204808274743361e-01 -4.898238884027018685e+02
2.866960127248350254e-01 -1.112831832874318934e+03
2.962816712996577673e-01 -2.062747327722973296e+03
3.061878256129444420e-01 -2.574264760605914489e+03
3.164251914144354805e-01 -2.306635175741274452e+03
3.270048427341168962e-01 -1.576913625774987167e+03
3.379382238612947953e-01 -1.045399425129057818e+03
3.492371617241852855e-01 -1.089138561844511514e+03
3.609138786834163448e-01 -1.477923420091020489e+03
3.729810057532814693e-01 -1.693877569269897322e+03
3.854515962650386651e-01 -1.501618572193337513e+03
3.983391399870480631e-01 -1.152885607414376864e+03
4.116575777170102257e-01 -1.020392648199596920e+03
4.254213163620995108e-01 -1.130938440826644410e+03
4.396452445232932327e-01 -1.206194826842854127e+03
4.543447486007690661e-01 -1.091289739582054835e+03
4.695357294377799362e-01 -9.339523939621701629e+02
4.852346195210218704e-01 -8.989511918165781026e+02
5.014584007560848322e-01 -9.209170568319840413e+02
5.182246228372336949e-01 -8.724068845401225190e+02
5.355514222313770833e-01 -7.850428287284506723e+02
5.534575417967635413e-01 -7.459551189225173857e+02
5.719623510576314906e-01 -7.285239825003080796e+02
5.910858671567322808e-01 -6.816378656221427264e+02
6.108487765084068544e-01 -6.327229030017865625e+02
6.312724571756275216e-01 -6.041420690103084326e+02
6.523790019952193653e-01 -5.717178590975137240e+02
6.741912424762606104e-01 -5.340455772779898780e+02
6.967327734975364839e-01 -5.038780432725467904e+02
7.200279788307419881e-01 -4.753501379507479214e+02
7.441020575170596008e-01 -4.455003036899918243e+02
7.689810511256225389e-01 -4.190621982474465881e+02
7.946918719233755368e-01 -3.936267228410903840e+02
8.212623319867858873e-01 -3.690497589966276450e+02
8.487211732869031078e-01 -3.463580906293402109e+02
8.770980987803161932e-01 -3.245001255817301740e+02
9.064238045396205701e-01 -3.040462128971765310e+02
9.367300129581793700e-01 -2.847283737315935923e+02
9.680495070650749767e-01 -2.664731116666260391e+02
1.000416165987385808e+00 -2.493041586292316083e+02
1.033865001598128330e+00 -2.330978015476960366e+02
1.068432196389532240e+00 -2.178504600482966680e+02
1.104155142612600837e+00 -2.035080700475449476e+02
1.141072482725305592e+00 -1.900234066657388894e+02
1.179224151193147607e+00 -1.773621894729552082e+02
1.218651417687333982e+00 -1.654802663637518663e+02
1.259396931727273516e+00 -1.543365325173645033e+02
1.301504768815691548e+00 -1.438669444694056097e+02
1.345020478116276896e+00 -1.340648750615954725e+02
1.389991131725407447e+00 -1.248872612058617619e+02
1.436465375591293947e+00 -1.162886512844279707e+02
1.484493482135585296e+00 -1.082618004040065358e+02
1.534127404634392455e+00 -1.007304910399883937e+02
1.585420833417506836e+00 -9.369708091991233800e+01
1.638429253946665609e+00 -8.712964001675690895e+01
1.693210006835640158e+00 -8.099535887708590565e+01
1.749822349877109051e+00 -7.527127174986422631e+01
1.808327522143368116e+00 -6.992166695245040842e+01
1.868788810230267217e+00 -6.493874142788290271e+01
1.931271616715998229e+00 -6.029604118611919006e+01
1.995843530908793184e+00 -5.596277587270994758e+01
2.062574401960084458e+00 -5.192877888960831712e+01
2.131536414422164238e+00 -4.816986832977787003e+01
2.202804166332139602e+00 -4.467384179310693781e+01
2.276454749906602792e+00 -4.142096205609551163e+01
2.352567834934338631e+00 -3.839277928745725887e+01
2.431225754957225149e+00 -3.557709252349341966e+01
2.512513596332623944e+00 -3.295875547678515005e+01
2.596519290273538783e+00 -3.052669196506449367e+01
2.683333707966161441e+00 -2.826609420572590636e+01
2.773050758867611432e+00 -2.616697895712287902e+01
2.865767492290306695e+00 -2.421772186763444878e+01
2.961584202382770314e+00 -2.240941843322128335e+01
3.060604536620467719e+00 -2.073121926416115812e+01
3.162935607924048931e+00 -1.917410464366111711e+01
3.268688110526199786e+00 -1.773104563329575001e+01
3.377976439712552459e+00 -1.639198565303148314e+01
3.490918815566087297e+00 -1.515192288840049173e+01
3.607637410848952619e+00 -1.400212339915736592e+01
3.728258483159945236e+00 -1.293746916575697803e+01
3.852912511510727001e+00 -1.195105249560634242e+01
3.981734337468417539e+00 -1.103790545089059094e+01
4.114863311017320058e+00 -1.019264025980506183e+01
4.252443441297450555e+00 -9.410069564139202924e+00
4.394623552383071896e+00 -8.685299729603833896e+00
4.541557444269631816e+00 -8.015675801369052778e+00
4.693404059243289517e+00 -7.396811690829165897e+00
4.850327653813030437e+00 -6.823874646846125103e+00
5.012497976391239618e+00 -6.294436645126064711e+00
5.180090450915090017e+00 -5.804995110687685589e+00
5.353286366607249214e+00 -5.352935974859939883e+00
5.532273074081278885e+00 -4.935283237699749748e+00
5.717244188003695271e+00 -4.549079956107672018e+00
5.908399796532135539e+00 -4.192614583451844901e+00
6.105946677756002750e+00 -3.863680239288235452e+00
6.310098523373801171e+00 -3.559769165293053206e+00
6.521076169849157722e+00 -3.279390885888645801e+00
6.739107837295406966e+00 -3.020865054099051594e+00
6.964429376347387013e+00 -2.782038163279719090e+00
7.197284523287298619e+00 -2.561834157784700139e+00
7.437925163700752407e+00 -2.358666707720701083e+00
7.686611604948010879e+00 -2.171289202517847627e+00
7.943612857745410594e+00 -1.998627504839750602e+00
8.209206927161357470e+00 -1.839355647753502243e+00
8.483681113341843272e+00 -1.692566928220602174e+00
8.767332322290526392e+00 -1.557272050820183384e+00
9.060467387039910392e+00 -1.432695689858236143e+00
9.363403399560734641e+00 -1.317890291241125000e+00
9.676468053768756405e+00 -1.212120338225194160e+00
1.000000000000001243e+01 -1.114768999951915696e+00
