2.000000000000000164e-05 -8.227933420123493988e+02
2.066869842267550072e-05 -8.461324980394834938e+02
2.135975472437544027e-05 -8.701222041816148476e+02
2.207391643902171255e-05 -8.947797034926089736e+02
2.281195609427394449e-05 -9.201234195369725057e+02
2.357467204719313169e-05 -9.461717918753440699e+02
2.436288934784564352e-05 -9.729439378817623947e+02
2.517746063178175121e-05 -1.000459798015622823e+03
2.601926704235410016e-05 -1.028738976778589176e+03
2.688921918387384303e-05 -1.057802505587671021e+03
2.778825810663545582e-05 -1.087671303152262453e+03
2.871735632487579741e-05 -1.118367539995939296e+03
2.967751886876853870e-05 -1.149912958007392945e+03
3.066978437159193627e-05 -1.182330840836618790e+03
3.169522619324599853e-05 -1.215645002660129649e+03
3.275495358133433647e-05 -1.249878422900498890e+03
3.385011287106671010e-05 -1.285056913999608469e+03
3.498188872528021299e-05 -1.321205158540637058e+03
3.615150541592045298e-05 -1.358349578177893363e+03
3.736022814836899319e-05 -1.396516431776750778e+03
3.860936443004954884e-05 -1.435733430797477240e+03
3.990026548479344494e-05 -1.476028271536122020e+03
4.123432771449419843e-05 -1.517429895796273286e+03
4.261299420963254024e-05 -1.559968283904535383e+03
4.403775631030562105e-05 -1.603672915041491933e+03
4.551015521944909301e-05 -1.648574920026759855e+03
4.703178366999723984e-05 -1.694706406500781441e+03
4.860428764778435972e-05 -1.742099860487971227e+03
5.022936817205134787e-05 -1.790788670903815955e+03
5.190878313548323190e-05 -1.840807159294111443e+03
5.364434920576834987e-05 -1.892190484517863297e+03
5.543794379073590958e-05 -1.944974611873336016e+03
5.729150706919781900e-05 -1.999196535303296287e+03
5.920704408969155763e-05 -2.054893623800771820e+03
6.118662693939432690e-05 -2.112105539154933012e+03
6.323239698555469304e-05 -2.170871003772058430e+03
6.534656719186627638e-05 -2.231231429974536240e+03
6.753142451228926792e-05 -2.293228794264814496e+03
6.978933236490913268e-05 -2.356904744159161964e+03
7.212273318850868345e-05 -2.422304261196416064e+03
7.453415108461877573e-05 -2.489471831415322868e+03
7.702619454790587906e-05 -2.558452750099478180e+03
7.960155928784993205e-05 -2.629294429071725062e+03
8.226303114476471348e-05 -2.702045994560406143e+03
8.501348910331518868e-05 -2.776755612646638838e+03
8.785590840679157983e-05 -2.853474772430770827e+03
9.079336377550881697e-05 -2.932254614989817583e+03
9.382903273281309529e-05 -3.013148495487824675e+03
9.696619904229312483e-05 -3.096210798570102725e+03
1.002082562599141270e-04 -3.181496822913240067e+03
1.035587114049174785e-04 -3.269063481891693755e+03
1.070211887534562421e-04 -3.358969263623064307e+03
1.105994337590709140e-04 -3.451273603680996530e+03
1.142973171042456330e-04 -3.546037399202690267e+03
1.181188388874281471e-04 -3.643322732003134206e+03
1.220681329500424115e-04 -3.743193561353286896e+03
1.261494713481742377e-04 -3.845714935410283033e+03
1.303672689737678670e-04 -3.950954815826839877e+03
1.347260883303314362e-04 -4.058979749490240010e+03
1.392306444683180742e-04 -4.169861307914803547e+03
1.438858100855209437e-04 -4.283668482144705195e+03
1.486966207979997041e-04 -4.400476548764628205e+03
1.536682805872396744e-04 -4.520358317366510164e+03
1.588061674294368483e-04 -4.643390198204664557e+03
1.641158391129971276e-04 -4.769651017165739177e+03
1.696030392505434848e-04 -4.899219522231556766e+03
1.752737034919339915e-04 -5.032174734788070964e+03
1.811339659450114388e-04 -5.168603931204667788e+03
1.871901658110307874e-04 -5.308588034083279126e+03
1.934488542419408646e-04 -5.452213616369071133e+03
1.999168014269393128e-04 -5.599569709868583232e+03
2.066010039159656652e-04 -5.750745670567106572e+03
2.135086921880547338e-04 -5.905833810192424608e+03
2.206473384727377968e-04 -6.064925125828774981e+03
2.280246648329511538e-04 -6.228117142608827635e+03
2.356486515181963309e-04 -6.395505322850441189e+03
2.435275455969876748e-04 -6.567187741974747951e+03
2.516698698779247295e-04 -6.743266129109331814e+03
2.600844321290405573e-04 -6.923842816640654746e+03
2.687803346053976817e-04 -7.109019373451530555e+03
2.777669838952388651e-04 -7.298904715655380642e+03
2.870541010953427292e-04 -7.493603389507271459e+03
2.966517323265922064e-04 -7.693225890141424316e+03
3.065702596011295341e-04 -7.897883792636797807e+03
3.168204120528543403e-04 -8.107687851748601133e+03
3.274132775434116785e-04 -8.322753163934583426e+03
3.383603146562264279e-04 -8.543196749582506527e+03
3.496733650915567022e-04 -8.769132017296971753e+03
3.613646664759745386e-04 -9.000681253441443914e+03
3.734468656001317080e-04 -9.237963816612345909e+03
3.859330320991275886e-04 -9.481102810111162398e+03
3.988366725902805230e-04 -9.730216321138064814e+03
4.121717452835938129e-04 -9.985434803436794027e+03
4.259526750807212541e-04 -1.024687883978802347e+04
4.401943691787655547e-04 -1.051467597254470820e+04
4.549122331957894719e-04 -1.078895734623336830e+04
4.701221878354804149e-04 -1.106984429214576448e+04
4.858406861089974399e-04 -1.135747316035860968e+04
5.020847311326308640e-04 -1.165196829338109092e+04
5.188718945205230424e-04 -1.195345895325564379e+04
5.362203353923492141e-04 -1.226208149181826593e+04
5.541488200165187389e-04 -1.257796247517365191e+04
5.726767421101455150e-04 -1.290123600709904713e+04
5.918241438177454907e-04 -1.323202986827388122e+04
6.116117373913557359e-04 -1.357047271473769797e+04
6.320609275955268004e-04 -1.391669924692272434e+04
6.531938348614238542e-04 -1.427083798907254823e+04
6.750333192150836329e-04 -1.463301338967937590e+04
6.976030050057104547e-04 -1.500335537325500445e+04
7.209273064607610694e-04 -1.538199269419425400e+04
7.450314540954613768e-04 -1.576904632895758368e+04
7.699415220053250396e-04 -1.616463495427668204e+04
7.956844560711916160e-04 -1.656888227704407473e+04
8.222881031073025473e-04 -1.698190750984264014e+04
8.497812409839368810e-04 -1.740381820274272468e+04
8.781936097571961097e-04 -1.783473051854297591e+04
9.075559438396131216e-04 -1.827475286203045835e+04
9.379000052463793693e-04 -1.872397672551950382e+04
9.692586179531593148e-04 -1.918251184820112758e+04
1.001665703402655023e-03 -1.965044213227136061e+04
1.035156317198330069e-03 -2.012785395033641180e+04
1.069766687024985286e-03 -2.061482772220626430e+04
1.105534251837205851e-03 -2.111143665938638878e+04
1.142497702358069404e-03 -2.161773325028530599e+04
1.180697022931930960e-03 -2.213378565247293591e+04
1.220173534776542454e-03 -2.265963558287751584e+04
1.260969940681316284e-03 -2.319531353410824522e+04
1.303130371200056587e-03 -2.374084708815839622e+04
1.346700432388157767e-03 -2.429624524668420418e+04
1.391727255135877424e-03 -2.486151354056780474e+04
1.438259546151070007e-03 -2.543663189471395890e+04
1.486347640646530459e-03 -2.602157915887298077e+04
1.536043556788919398e-03 -2.661630643170146141e+04
1.587401051968200579e-03 -2.722076531034210348e+04
1.640475680948428249e-03 -2.783487366104746616e+04
1.695324855962815390e-03 -2.845853013936127172e+04
1.752007908818060174e-03 -2.909163699891764554e+04
1.810586155075142928e-03 -2.973405071347643025e+04
1.871122960375984270e-03 -3.038561423212776936e+04
1.933683808987751848e-03 -3.104615841267272845e+04
1.998336374638913938e-03 -3.171547928518424305e+04
2.065150593723721201e-03 -3.239335464450601285e+04
2.134198740954243185e-03 -3.307951187825158559e+04
2.205555507541849362e-03 -3.377369980004455283e+04
2.279298081992675151e-03 -3.447558441068885440e+04
2.355506233604463730e-03 -3.518485249483062216e+04
2.434262398755145627e-03 -3.590112205909837940e+04
2.515651770076436904e-03 -3.662399372274571942e+04
2.599762388608985089e-03 -3.735304769132165529e+04
2.686685239038679764e-03 -3.808780001866530074e+04
2.776514348117217236e-03 -3.882777115785486967e+04
2.869346886373309435e-03 -3.957240094978163688e+04
2.965283273224645581e-03 -4.032113979671218112e+04
3.064427285604211931e-03 -4.107336886888735171e+04
3.166886170218578649e-03 -4.182842638151109713e+04
3.272770759559481216e-03 -4.258563307815486041e+04
3.382195591794276077e-03 -4.334425016864365170e+04
3.495279034664920681e-03 -4.410351493473751179e+04
3.612143413529477973e-03 -4.486259166835872747e+04
3.732915143684721951e-03 -4.562062709482861828e+04
3.857724867112893516e-03 -4.637671284283041314e+04
3.986707593800617976e-03 -4.712990064471180813e+04
4.120002847782761740e-03 -4.787918660515016381e+04
4.257754818069308354e-03 -4.862350687217136874e+04
4.400112514618404608e-03 -4.936178611639136943e+04
4.547229929524409554e-03 -5.009286864747193613e+04
4.699266203595197679e-03 -5.081557965427310410e+04
4.856385798499019031e-03 -5.152868359519300429e+04
5.018758674667020935e-03 -5.223090326170168555e+04
5.186560475143959549e-03 -5.292092435607033985e+04
5.359972715585955248e-03 -5.359737269180355361e+04
5.539182980610755057e-03 -5.425884926133997214e+04
5.724385126713026593e-03 -5.490389354163569078e+04
5.915779491964028892e-03 -5.553102910877903196e+04
6.113573112722652143e-03 -5.613867318755380256e+04
6.317979947592099882e-03 -5.672528205104262452e+04
6.529221108864616957e-03 -5.728922770206646237e+04
6.747525101704480652e-03 -5.782884603169565526e+04
6.973128071328140755e-03 -5.834247042389732815e+04
7.206274058448705437e-03 -5.882834089669978130e+04
7.447215263261310406e-03 -5.928476148067069880e+04
7.696212318254701257e-03 -5.970994544997884077e+04
7.953534570144332738e-03 -6.010210612564082112e+04
8.219460371231864307e-03 -6.045943857593450230e+04
8.494277380506187053e-03 -6.078010950413016690e+04
8.778282874811823774e-03 -6.106230996559505002e+04
9.071784070421121463e-03 -6.130416563383579341e+04
9.375098455358292851e-03 -6.150386360195794987e+04
9.688554132834568261e-03 -6.165958657086164021e+04
1.001249017616620725e-02 -6.176953036363632418e+04
1.034725699555901803e-02 -6.183191151076935057e+04
1.069321671715643858e-02 -6.184498030997649039e+04
1.105074357476093505e-02 -6.180700929982934758e+04
1.142022431465263173e-02 -6.171635938791908120e+04
1.180205861394306721e-02 -6.157141294025319803e+04
1.219665951291643881e-02 -6.137067303213592822e+04
1.260445386182631328e-02 -6.111271732173598866e+04
1.302588278263077520e-02 -6.079618434388082824e+04
1.346140214616583890e-02 -6.041990270685452560e+04
1.391148306527291781e-02 -5.998276055872885627e+04
1.437661240441416924e-02 -5.948385791676580266e+04
1.485729330632660182e-02 -5.892244946204777807e+04
1.535404573628500365e-02 -5.829798857086200587e+04
1.586740704456205894e-02 -5.761012550704046589e+04
1.639793254769450481e-02 -5.685875638361229358e+04
1.694619612918364313e-02 -5.604405523282923241e+04
1.751279086028037155e-02 -5.516648468356789817e+04
1.809832964152614798e-02 -5.422680749059660593e+04
1.870344586574363213e-02 -5.322609892478652182e+04
1.932879410319460894e-02 -5.216584764628245466e+04
1.997505080964588620e-02 -5.104787986320485652e+04
2.064291505810955316e-02 -4.987444797447378369e+04
2.133310929504865505e-02 -4.864822000495136308e+04
2.204638012186681956e-02 -4.737231202894926537e+04
2.278349910252664909e-02 -4.605028266963063652e+04
2.354526359817107548e-02 -4.468612453456556977e+04
2.433249762964985810e-02 -4.328431216399183177e+04
2.514605276888498206e-02 -4.184974486022094061e+04
2.598680906003840441e-02 -4.038774298825754522e+04
2.685567597147924673e-02 -3.890404087444076868e+04
2.775359337957988490e-02 -3.740469837554005062e+04
2.868153258540498754e-02 -3.589610471225060610e+04
2.964049736539381419e-02 -3.438487004706855805e+04
3.063152505717161092e-02 -3.287778673491403606e+04
3.165568768166540647e-02 -3.138171663480203642e+04
3.271409310273729054e-02 -2.990350504692377945e+04
3.380788622559029871e-02 -2.844986333116573951e+04
3.493825023524253087e-02 -2.702727881942219756e+04
3.610640787640997940e-02 -2.564186729862328866e+04
3.731362277618164441e-02 -2.429927126501781822e+04
3.856120081091872487e-02 -2.300451228838383759e+04
3.985049151885547425e-02 -2.176193372639748486e+04
4.118288955993056055e-02 -2.057501920462113776e+04
4.255983622442782027e-02 -1.944635783247805375e+04
4.398282099205792772e-02 -1.837753783317355919e+04
4.545338314316834522e-02 -1.736909180386304070e+04
4.697311342382341770e-02 -1.642047888017149671e+04
4.854365576655684383e-02 -1.553003815795275113e+04
5.016670906865677154e-02 -1.469504041696654531e+04
5.184402902990837420e-02 -1.391171772877281182e+04
5.357743005178047802e-02 -1.317535932630868592e+04
5.536878720011212396e-02 -1.248042728050963524e+04
5.722003823342062395e-02 -1.182074097324211471e+04
5.913318569902666078e-02 -1.118971188128620997e+04
6.111029909926251474e-02 -1.058060789426837437e+04
6.315351713010779189e-02 -9.986910482062297888e+03
6.526504999467336310e-02 -9.402686442748970876e+03
6.744718179403717817e-02 -8.823000318999100273e+03
6.970227299801623477e-02 -8.244324016418533574e+03
7.203276299854979858e-02 -7.664885791796532430e+03
7.444117274845411802e-02 -7.084908773117263081e+03
7.693010748840443946e-02 -6.506716822496085115e+03
7.950225956509210379e-02 -5.934603213222620070e+03
8.216041134360790865e-02 -5.374483750794826847e+03
8.490743821719984319e-02 -4.833323126770977069e+03
8.774631171766281157e-02 -4.318392392906512214e+03
9.068010272972255870e-02 -3.836440881616671049e+03
9.371198481289348681e-02 -3.392905531424671153e+03
9.684523763440215649e-02 -2.991260104934017818e+03
1.000832505168899600e-01 -2.632618284879101793e+03
1.034295261047340625e-01 -2.315630304631048602e+03
1.068876841529496080e-01 -2.036674625888314040e+03
1.104614654427753945e-01 -1.790325525983173748e+03
1.141547358281756464e-01 -1.570030694036158820e+03
1.179714904176376727e-01 -1.368946477371588799e+03
1.219158578957853512e-01 -1.180856761254726052e+03
1.259921049894874856e-01 -1.001063141396326841e+03
1.302046410832891354e-01 -8.270695418899834976e+02
1.345580229891604751e-01 -6.588454953344161140e+02
1.390569598757198100e-01 -4.984979705237599319e+02
1.437063183622670492e-01 -3.493338199817147824e+02
1.485111277831346888e-01 -2.145502121024838971e+02
1.534765856280515817e-01 -9.598226991585197254e+01
1.586080631644066208e-01 6.630743647799648421e+00
1.639111112474894438e-01 9.558986822593001875e+01
1.693914663249987407e-01 1.744282342221715396e+02
1.750550566423093313e-01 2.466424938212797144e+02
1.809080086552135869e-01 3.143904170675236855e+02
1.869566536570689830e-01 3.776283991031905316e+02
1.932075346275276828e-01 4.341409227385670988e+02
1.996674133102498971e-01 4.807633621865045370e+02
2.063432775272630582e-01 5.152327657305386310e+02
2.132423487378718452e-01 5.381039890366246254e+02
2.203720898503036263e-01 5.529411083585222286e+02
2.277402132945338109e-01 5.650067063701334291e+02
2.353546893650253491e-01 5.786550685634075535e+02
2.432237548424092122e-01 5.950840315125304869e+02
2.513559219034258718e-01 6.116063631946361738e+02
2.597599873287743666e-01 6.231635779852093719e+02
2.684450420188219666e-01 6.256811733162282962e+02
2.774204808274743361e-01 6.191997335977549710e+02
2.866960127248350254e-01 6.080929779229225005e+02
2.962816712996577673e-01 5.980781533057783008e+02
3.061878256129444420e-01 5.919655872089846298e+02
3.164251914144354805e-01 5.878841454075667343e+02
3.270048427341168962e-01 5.811933351962032930e+02
3.379382238612947953e-01 5.688488353453039963e+02
3.492371617241852855e-01 5.523023758617143812e+02
3.609138786834163448e-01 5.357996146504364106e+02
3.729810057532814693e-01 5.219526291458935248e+02
3.854515962650386651e-01 5.094376038576398855e+02
3.983391399870480631e-01 4.951795443570406405e+02
4.116575777170102257e-01 4.782892058644499116e+02
4.254213163620995108e-01 4.608572209957860082e+02
4.396452445232932327e-01 4.448633939199951328e+02
4.543447486007690661e-01 4.297561216233360142e+02
4.695357294377799362e-01 4.139194205560080491e+02
4.852346195210218704e-01 3.973276315387844306e+02
5.014584007560848322e-01 3.812345484295099141e+02
5.182246228372336949e-01 3.659656377334894728e+02
5.355514222313770833e-01 3.507735418296390435e+02
5.534575417967635413e-01 3.354957536642942273e+02
5.719623510576314906e-01 3.206871760190459213e+02
5.910858671567322808e-01 3.064282625501022039e+02
6.108487765084068544e-01 2.924101533565511772e+02
6.312724571756275216e-01 2.787154494354272174e+02
6.523790019952193653e-01 2.655254706073598641e+02
6.741912424762606104e-01 2.527422444202632050e+02
6.967327734975364839e-01 2.403451756689225647e+02
7.200279788307419881e-01 2.284036177385624171e+02
7.441020575170596008e-01 2.168977626233027252e+02
7.689810511256225389e-01 2.058101535165866096e+02
7.946918719233755368e-01 1.951604362679165661e+02
8.212623319867858873e-01 1.849335754622958916e+02
8.487211732869031078e-01 1.751247193265841133e+02
8.770980987803161932e-01 1.657316020582988756e+02
9.064238045396205701e-01 1.567434004660374853e+02
9.367300129581793700e-01 1.481552362895976103e+02
9.680495070650749767e-01 1.399562648068492194e+02
1.000416165987385808e+00 1.321361406140979682e+02
1.033865001598128330e+00 1.246839597012969136e+02
1.068432196389532240e+00 1.175877184685084273e+02
1.104155142612600837e+00 1.108361915767588357e+02
1.141072482725305592e+00 1.044189076985507967e+02
1.179224151193147607e+00 9.832464801287181899e+01
1.218651417687333982e+00 9.254136981014478636e+01
1.259396931727273516e+00 8.705723617534381731e+01
1.301504768815691548e+00 8.185971735096249802e+01
1.345020478116276896e+00 7.693712128583393906e+01
1.389991131725407447e+00 7.227860242418739745e+01
1.436465375591293947e+00 6.787323686916143117e+01
1.484493482135585296e+00 6.370979228390952898e+01
1.534127404634392455e+00 5.977689285026114163e+01
1.585420833417506836e+00 5.606378527150472024e+01
1.638429253946665609e+00 5.256063263029068366e+01
1.693210006835640158e+00 4.925761378750472375e+01
1.749822349877109051e+00 4.614479499096505322e+01
1.808327522143368116e+00 4.321246540256243662e+01
1.868788810230267217e+00 4.045175906791990172e+01
1.931271616715998229e+00 3.785416826542758884e+01
1.995843530908793184e+00 3.541110595473793410e+01
2.062574401960084458e+00 3.311430281167502443e+01
2.131536414422164238e+00 3.095613021847146484e+01
2.202804166332139602e+00 2.892922418267133366e+01
2.276454749906602792e+00 2.702632119675535094e+01
2.352567834934338631e+00 2.524060208737643052e+01
2.431225754957225149e+00 2.356563734711922820e+01
2.512513596332623944e+00 2.199512117593122440e+01
2.596519290273538783e+00 2.052316945652866309e+01
2.683333707966161441e+00 1.914414525639335096e+01
2.773050758867611432e+00 1.785265154978241497e+01
2.865767492290306695e+00 1.664361273035258648e+01
2.961584202382770314e+00 1.551216434177982961e+01
3.060604536620467719e+00 1.445371112225051924e+01
3.162935607924048931e+00 1.346388736579875811e+01
3.268688110526199786e+00 1.253855273913248247e+01
3.377976439712552459e+00 1.167381320781599818e+01
3.490918815566087297e+00 1.086595781962052776e+01
3.607637410848952619e+00 1.011148644723079570e+01
3.728258483159945236e+00 9.407099325671127943e+00
3.852912511510727001e+00 8.749676709677887132e+00
3.981734337468417539e+00 8.136272496949040089e+00
4.114863311017320058e+00 7.564111836046577331e+00
4.252443441297450555e+00 7.030574707960956182e+00
4.394623552383071896e+00 6.533198044737932975e+00
4.541557444269631816e+00 6.069664279018854636e+00
4.693404059243289517e+00 5.637786780019908406e+00
4.850327653813030437e+00 5.235513444391037829e+00
5.012497976391239618e+00 4.860915076287156467e+00
5.180090450915090017e+00 4.512177442507493197e+00
5.353286366607249214e+00 4.187600630600539553e+00
5.532273074081278885e+00 3.885587529909801052e+00
5.717244188003695271e+00 3.604638862382141262e+00
5.908399796532135539e+00 3.343349079254527290e+00
6.105946677756002750e+00 3.100400026426927802e+00
6.310098523373801171e+00 2.874559943103667248e+00
6.521076169849157722e+00 2.664671523266473496e+00
6.739107837295406966e+00 2.469650395373729879e+00
6.964429376347387013e+00 2.288486061868951094e+00
7.197284523287298619e+00 2.120230130126977919e+00
7.437925163700752407e+00 1.963996638219356550e+00
7.686611604948010879e+00 1.818958963713557919e+00
7.943612857745410594e+00 1.684341990294110580e+00
8.209206927161357470e+00 1.559422948398679454e+00
8.483681113341843272e+00 1.443527474039120184e+00
8.767332322290526392e+00 1.336024280315516233e+00
9.060467387039910392e+00 1.236325056103214415e+00
9.363403399560734641e+00 1.143882003610825260e+00
9.676468053768756405e+00 1.058183247510019021e+00
1.000000000000001243e+01 9.787514247654013344e-01
