2.000000000000000164e-05 -3.091396127260268827e+02
2.066869842267550072e-05 -3.190807444594597655e+02
2.135975472437544027e-05 -3.293414996852268359e+02
2.207391643902171255e-05 -3.399309611395296429e+02
2.281195609427394449e-05 -3.508629550167691491e+02
2.357467204719313169e-05 -3.621440065376737039e+02
2.436288934784564352e-05 -3.737894188314512007e+02
2.517746063178175121e-05 -3.858101082651551792e+02
2.601926704235410016e-05 -3.982143193567330286e+02
2.688921918387384303e-05 -4.110200492340331380e+02
2.778825810663545582e-05 -4.242380302967810053e+02
2.871735632487579741e-05 -4.378775918994678591e+02
2.967751886876853870e-05 -4.519591557436138487e+02
3.066978437159193627e-05 -4.664911405789335390e+02
3.169522619324599853e-05 -4.814899814990612299e+02
3.275495358133433647e-05 -4.969730230406088367e+02
3.385011287106671010e-05 -5.129546539710628394e+02
3.498188872528021299e-05 -5.294490910775763268e+02
3.615150541592045298e-05 -5.464723711592056361e+02
3.736022814836899319e-05 -5.640411276754597338e+02
3.860936443004954884e-05 -5.821794258197214731e+02
3.990026548479344494e-05 -6.008979670603902150e+02
4.123432771449419843e-05 -6.202192329572717426e+02
4.261299420963254024e-05 -6.401594167643597757e+02
4.403775631030562105e-05 -6.607430144670078107e+02
4.551015521944909301e-05 -6.819902114695013324e+02
4.703178366999723984e-05 -7.039136500024044381e+02
4.860428764778435972e-05 -7.265476995082929079e+02
5.022936817205134787e-05 -7.499013613363622426e+02
5.190878313548323190e-05 -7.740164768149988959e+02
5.364434920576834987e-05 -7.989009896575432776e+02
5.543794379073590958e-05 -8.245846206466353578e+02
5.729150706919781900e-05 -8.510953256583802613e+02
5.920704408969155763e-05 -8.784544047220904304e+02
6.118662693939432690e-05 -9.066909594208069620e+02
6.323239698555469304e-05 -9.358436462528924267e+02
6.534656719186627638e-05 -9.659240160506437860e+02
6.753142451228926792e-05 -9.969764767953892033e+02
6.978933236490913268e-05 -1.029019103122602928e+03
7.212273318850868345e-05 -1.062092288188721795e+03
7.453415108461877573e-05 -1.096239297116797161e+03
7.702619454790587906e-05 -1.131471992463147672e+03
7.960155928784993205e-05 -1.167831184624095158e+03
8.226303114476471348e-05 -1.205370809408368814e+03
8.501348910331518868e-05 -1.244107317076329991e+03
8.785590840679157983e-05 -1.284092765845835402e+03
9.079336377550881697e-05 -1.325351361629314852e+03
9.382903273281309529e-05 -1.367940595768270668e+03
9.696619904229312483e-05 -1.411897968108249870e+03
1.002082562599141270e-04 -1.457261180333108541e+03
1.035587114049174785e-04 -1.504078642049779319e+03
1.070211887534562421e-04 -1.552394674715432529e+03
1.105994337590709140e-04 -1.602267138245797696e+03
1.142973171042456330e-04 -1.653743525632487263e+03
1.181188388874281471e-04 -1.706853450430368866e+03
1.220681329500424115e-04 -1.761676482483379687e+03
1.261494713481742377e-04 -1.818241674333351739e+03
1.303672689737678670e-04 -1.876627082149884245e+03
1.347260883303314362e-04 -1.936884078216216722e+03
1.392306444683180742e-04 -1.999067641622407336e+03
1.438858100855209437e-04 -2.063241040593888101e+03
1.486966207979997041e-04 -2.129475967441923331e+03
1.536682805872396744e-04 -2.197795395066647870e+03
1.588061674294368483e-04 -2.268338831683211993e+03
1.641158391129971276e-04 -2.341118519295355782e+03
1.696030392505434848e-04 -2.416212989649322481e+03
1.752737034919339915e-04 -2.493699959616246360e+03
1.811339659450114388e-04 -2.573669816429531693e+03
1.871901658110307874e-04 -2.656199589298301817e+03
1.934488542419408646e-04 -2.741341479097397041e+03
1.999168014269393128e-04 -2.829207238291795875e+03
2.066010039159656652e-04 -2.919858477294604654e+03
2.135086921880547338e-04 -3.013400912982199316e+03
2.206473384727377968e-04 -3.109898923751209168e+03
2.280246648329511538e-04 -3.209467478961535107e+03
2.356486515181963309e-04 -3.312199901876622334e+03
2.435275455969876748e-04 -3.418175635834514651e+03
2.516698698779247295e-04 -3.527536433200637930e+03
2.600844321290405573e-04 -3.640341488184973969e+03
2.687803346053976817e-04 -3.756683725041421894e+03
2.777669838952388651e-04 -3.876718152063976959e+03
2.870541010953427292e-04 -4.000564399168530599e+03
2.966517323265922064e-04 -4.128289963398745385e+03
3.065702596011295341e-04 -4.259993297539468585e+03
3.168204120528543403e-04 -4.395879880799868261e+03
3.274132775434116785e-04 -4.536025790440210585e+03
3.383603146562264279e-04 -4.680528352134620945e+03
3.496733650915567022e-04 -4.829574800642948503e+03
3.613646664759745386e-04 -4.983271583475519037e+03
3.734468656001317080e-04 -5.141714168725428863e+03
3.859330320991275886e-04 -5.305087205157381504e+03
3.988366725902805230e-04 -5.473563379307137438e+03
4.121717452835938129e-04 -5.647231091447384642e+03
4.259526750807212541e-04 -5.826266893900781724e+03
4.401943691787655547e-04 -6.010802453018688539e+03
4.549122331957894719e-04 -6.201006589642727704e+03
4.701221878354804149e-04 -6.397028429620408133e+03
4.858406861089974399e-04 -6.599030408723218898e+03
5.020847311326308640e-04 -6.807255129752115863e+03
5.188718945205230424e-04 -7.021720009836377358e+03
5.362203353923492141e-04 -7.242720509287246387e+03
5.541488200165187389e-04 -7.470358826352668984e+03
5.726767421101455150e-04 -7.704829752574247323e+03
5.918241438177454907e-04 -7.946362880608663545e+03
6.116117373913557359e-04 -8.195019612929741925e+03
6.320609275955268004e-04 -8.451168104029233291e+03
6.531938348614238542e-04 -8.714844007232355580e+03
6.750333192150836329e-04 -8.986229466960023274e+03
6.976030050057104547e-04 -9.265669368102546287e+03
7.209273064607610694e-04 -9.553103584729029535e+03
7.450314540954613768e-04 -9.849059993929899065e+03
7.699415220053250396e-04 -1.015346652231460939e+04
7.956844560711916160e-04 -1.046657804297298389e+04
8.222881031073025473e-04 -1.078872651067862716e+04
8.497812409839368810e-04 -1.111996149348238032e+04
8.781936097571961097e-04 -1.146050364008116958e+04
9.075559438396131216e-04 -1.181058446993594589e+04
9.379000052463793693e-04 -1.217051636652633897e+04
9.692586179531593148e-04 -1.254022448188789167e+04
1.001665703402655023e-03 -1.292014173128039511e+04
1.035156317198330069e-03 -1.331045211143089909e+04
1.069766687024985286e-03 -1.371114316146210149e+04
1.105534251837205851e-03 -1.412264685920343072e+04
1.142497702358069404e-03 -1.454492732780962979e+04
1.180697022931930960e-03 -1.497841921116767480e+04
1.220173534776542454e-03 -1.542303095053626566e+04
1.260969940681316284e-03 -1.587919281837105154e+04
1.303130371200056587e-03 -1.634679753864799568e+04
1.346700432388157767e-03 -1.682615110728373838e+04
1.391727255135877424e-03 -1.731732466991087495e+04
1.438259546151070007e-03 -1.782061020944769189e+04
1.486347640646530459e-03 -1.833586276636120601e+04
1.536043556788919398e-03 -1.886334145713540784e+04
1.587401051968200579e-03 -1.940330131867697492e+04
1.640475680948428249e-03 -1.995531419406955320e+04
1.695324855962815390e-03 -2.052006328838607442e+04
1.752007908818060174e-03 -2.109703050436591002e+04
1.810586155075142928e-03 -2.168680644725792808e+04
1.871122960375984270e-03 -2.228887776308328102e+04
1.933683808987751848e-03 -2.290347931339806746e+04
1.998336374638913938e-03 -2.353046360055818877e+04
2.065150593723721201e-03 -2.416990112268222583e+04
2.134198740954243185e-03 -2.482151689083303427e+04
2.205555507541849362e-03 -2.548539924024147695e+04
2.279298081992675151e-03 -2.616102204765676652e+04
2.355506233604463730e-03 -2.684862916017026146e+04
2.434262398755145627e-03 -2.754760895251658440e+04
2.515651770076436904e-03 -2.825802241910960583e+04
2.599762388608985089e-03 -2.897931005628407365e+04
2.686685239038679764e-03 -2.971143123475250832e+04
2.776514348117217236e-03 -3.045359949750618762e+04
2.869346886373309435e-03 -3.120552679847364197e+04
2.965283273224645581e-03 -3.196693450467290677e+04
3.064427285604211931e-03 -3.273728784561603607e+04
3.166886170218578649e-03 -3.351564660074791755e+04
3.272770759559481216e-03 -3.430192146350019902e+04
3.382195591794276077e-03 -3.509498615426095785e+04
3.495279034664920681e-03 -3.589436997470103233e+04
3.612143413529477973e-03 -3.669903063989411748e+04
3.732915143684721951e-03 -3.750867308118408255e+04
3.857724867112893516e-03 -3.832211551854032587e+04
3.986707593800617976e-03 -3.913777555278355430e+04
4.120002847782761740e-03 -3.995568655397841212e+04
4.257754818069308354e-03 -4.077401642410930799e+04
4.400112514618404608e-03 -4.159198015472355473e+04
4.547229929524409554e-03 -4.240846016673262784e+04
4.699266203595197679e-03 -4.322168245709380426e+04
4.856385798499019031e-03 -4.403061693841659144e+04
5.018758674667020935e-03 -4.483392762087177107e+04
5.186560475143959549e-03 -4.563040748447330407e+04
5.359972715585955248e-03 -4.641793603012490348e+04
5.539182980610755057e-03 -4.719543021758455870e+04
5.724385126713026593e-03 -4.796086786646735709e+04
5.915779491964028892e-03 -4.871256651587621309e+04
6.113573112722652143e-03 -4.944922134250555973e+04
6.317979947592099882e-03 -5.016928451383979700e+04
6.529221108864616957e-03 -5.086987813999363425e+04
6.747525101704480652e-03 -5.154995668538242899e+04
6.973128071328140755e-03 -5.220677145457266306e+04
7.206274058448705437e-03 -5.283914242861064122e+04
7.447215263261310406e-03 -5.344433377192139596e+04
7.696212318254701257e-03 -5.402116395702546288e+04
7.953534570144332738e-03 -5.456697963997862826e+04
8.219460371231864307e-03 -5.507938659491429280e+04
8.494277380506187053e-03 -5.555652174299017497e+04
8.778282874811823774e-03 -5.599663159532097052e+04
9.071784070421121463e-03 -5.639717239844527649e+04
9.375098455358292851e-03 -5.675596075456355175e+04
9.688554132834568261e-03 -5.707099315443566593e+04
1.001249017616620725e-02 -5.734040304356077104e+04
1.034725699555901803e-02 -5.756132822180994117e+04
1.069321671715643858e-02 -5.773226339360156271e+04
1.105074357476093505e-02 -5.785135701426777086e+04
1.142022431465263173e-02 -5.791619358841076610e+04
1.180205861394306721e-02 -5.792509859237273486e+04
1.219665951291643881e-02 -5.787623352593126037e+04
1.260445386182631328e-02 -5.776730049377690739e+04
1.302588278263077520e-02 -5.759791254422587372e+04
1.346140214616583890e-02 -5.736622718353674281e+04
1.391148306527291781e-02 -5.706953975593711948e+04
1.437661240441416924e-02 -5.670784710397120944e+04
1.485729330632660182e-02 -5.627933048531200620e+04
1.535404573628500365e-02 -5.578338195046062901e+04
1.586740704456205894e-02 -5.522000553598900296e+04
1.639793254769450481e-02 -5.458749109919160401e+04
1.694619612918364313e-02 -5.388645108703284495e+04
1.751279086028037155e-02 -5.311609054417006701e+04
1.809832964152614798e-02 -5.227743305237843015e+04
1.870344586574363213e-02 -5.137015590222414903e+04
1.932879410319460894e-02 -5.039633755770054267e+04
1.997505080964588620e-02 -4.935616967819979618e+04
2.064291505810955316e-02 -4.825140149974332599e+04
2.133310929504865505e-02 -4.708500048213640548e+04
2.204638012186681956e-02 -4.585724131579890673e+04
2.278349910252664909e-02 -4.457295035430226562e+04
2.354526359817107548e-02 -4.323491033799447905e+04
2.433249762964985810e-02 -4.184584515978058334e+04
2.514605276888498206e-02 -4.041080852846657945e+04
2.598680906003840441e-02 -3.893415100257452286e+04
2.685567597147924673e-02 -3.742151945667633117e+04
2.775359337957988490e-02 -3.587741512622887240e+04
2.868153258540498754e-02 -3.430826047200411995e+04
2.964049736539381419e-02 -3.272108273502421071e+04
3.063152505717161092e-02 -3.112180794832903484e+04
3.165568768166540647e-02 -2.951836468007378789e+04
3.271409310273729054e-02 -2.791746190148523601e+04
3.380788622559029871e-02 -2.632746407641917176e+04
3.493825023524253087e-02 -2.475551865959414135e+04
3.610640787640997940e-02 -2.321002587112959736e+04
3.731362277618164441e-02 -2.169864647299609715e+04
3.856120081091872487e-02 -2.022865592642374395e+04
3.985049151885547425e-02 -1.880837334899995403e+04
4.118288955993056055e-02 -1.744414197690899164e+04
4.255983622442782027e-02 -1.614326124659424386e+04
4.398282099205792772e-02 -1.491202428179923481e+04
4.545338314316834522e-02 -1.375613470239448907e+04
4.697311342382341770e-02 -1.268066157660120371e+04
4.854365576655684383e-02 -1.169000664392759063e+04
5.016670906865677154e-02 -1.078776117078192692e+04
5.184402902990837420e-02 -9.976765122174672797e+03
5.357743005178047802e-02 -9.258358278907233398e+03
5.536878720011212396e-02 -8.632911534204422423e+03
5.722003823342062395e-02 -8.099209734547687731e+03
5.913318569902666078e-02 -7.654127482946962118e+03
6.111029909926251474e-02 -7.291804926951433117e+03
6.315351713010779189e-02 -7.003995828774844085e+03
6.526504999467336310e-02 -6.779644441737144007e+03
6.744718179403717817e-02 -6.603565760205843617e+03
6.970227299801623477e-02 -6.458439944047772769e+03
7.203276299854979858e-02 -6.323677840557486888e+03
7.444117274845411802e-02 -6.176548662254050214e+03
7.693010748840443946e-02 -5.994792854131488639e+03
7.950225956509210379e-02 -5.758027202534388380e+03
8.216041134360790865e-02 -5.449350037741764936e+03
8.490743821719984319e-02 -5.058883149444713126e+03
8.774631171766281157e-02 -4.583582487235325971e+03
9.068010272972255870e-02 -4.030728844876824951e+03
9.371198481289348681e-02 -3.415717040322414505e+03
9.684523763440215649e-02 -2.762645124651118749e+03
1.000832505168899600e-01 -2.101463654672446864e+03
1.034295261047340625e-01 -1.466017570874954345e+03
1.068876841529496080e-01 -8.919548753716204601e+02
1.104614654427753945e-01 -4.131273457892791612e+02
1.141547358281756464e-01 -5.993032066818048520e+01
1.179714904176376727e-01 1.461470055776256345e+02
1.219158578957853512e-01 1.970979241930859587e+02
1.259921049894874856e-01 1.043212743508307057e+02
1.302046410832891354e-01 -9.748146621973469905e+01
1.345580229891604751e-01 -3.515644511067847588e+02
1.390569598757198100e-01 -5.871359224227642244e+02
1.437063183622670492e-01 -7.346708087586755482e+02
1.485111277831346888e-01 -7.439760351436209476e+02
1.534765856280515817e-01 -5.977849526254669854e+02
1.586080631644066208e-01 -3.171864917487047251e+02
1.639111112474894438e-01 4.352314066492412081e+01
1.693914663249987407e-01 4.103827287945052831e+02
1.750550566423093313e-01 7.052992781308241774e+02
1.809080086552135869e-01 8.637896966380216099e+02
1.869566536570689830e-01 8.541510987460826527e+02
1.932075346275276828e-01 6.952636924833861940e+02
1.996674133102498971e-01 4.563003383402469808e+02
2.063432775272630582e-01 2.392103546098432219e+02
2.132423487378718452e-01 1.357144513013344351e+02
2.203720898503036263e-01 1.784521947103558830e+02
2.277402132945338109e-01 3.419543786689957869e+02
2.353546893650253491e-01 5.394231685979615349e+02
2.432237548424092122e-01 6.820300271472513032e+02
2.513559219034258718e-01 7.012693430447433229e+02
2.597599873287743666e-01 6.027398357627847645e+02
2.684450420188219666e-01 4.516639629350293603e+02
2.774204808274743361e-01 3.459134240501862223e+02
2.866960127248350254e-01 3.389668534592607898e+02
2.962816712996577673e-01 4.127860289657759836e+02
3.061878256129444420e-01 4.955606648864998647e+02
3.164251914144354805e-01 5.155830321607865017e+02
3.270048427341168962e-01 4.606787004021887810e+02
3.379382238612947953e-01 3.808971861185428338e+02
3.492371617241852855e-01 3.393585708119691162e+02
3.609138786834163448e-01 3.532960297397228828e+02
3.729810057532814693e-01 3.831376211264491758e+02
3.854515962650386651e-01 3.810157414314797393e+02
3.983391399870480631e-01 3.429005936161315731e+02
4.116575777170102257e-01 3.058501665794900646e+02
4.254213163620995108e-01 2.967558265536086424e+02
4.396452445232932327e-01 3.015926451575670058e+02
4.543447486007690661e-01 2.927830362732657932e+02
4.695357294377799362e-01 2.691596021515058510e+02
4.852346195210218704e-01 2.509192864849446778e+02
5.014584007560848322e-01 2.443699992163866455e+02
5.182246228372336949e-01 2.364874693655592921e+02
5.355514222313770833e-01 2.214973690504916704e+02
5.534575417967635413e-01 2.079988305548486096e+02
5.719623510576314906e-01 1.993815346765933327e+02
5.910858671567322808e-01 1.897104595274782355e+02
6.108487765084068544e-01 1.781078713094917987e+02
6.312724571756275216e-01 1.685067874554746652e+02
6.523790019952193653e-01 1.600215701372122510e+02
6.741912424762606104e-01 1.508333077747965376e+02
6.967327734975364839e-01 1.421331149519881194e+02
7.200279788307419881e-01 1.343237877731840797e+02
7.441020575170596008e-01 1.264762487814458609e+02
7.689810511256225389e-01 1.191125915762556673e+02
7.946918719233755368e-01 1.120870334327566695e+02
8.212623319867858873e-01 1.053705507326377244e+02
8.487211732869031078e-01 9.906871251465966566e+01
8.770980987803161932e-01 9.305939855931777061e+01
9.064238045396205701e-01 8.736211869018470111e+01
9.367300129581793700e-01 8.199693546060005644e+01
9.680495070650749767e-01 7.690636494431558390e+01
1.000416165987385808e+00 7.209459166454448109e+01
1.033865001598128330e+00 6.753247054207935207e+01
1.068432196389532240e+00 6.320770211081459422e+01
1.104155142612600837e+00 5.914498662075514090e+01
1.141072482725305592e+00 5.534633025087347846e+01
1.179224151193147607e+00 5.175104515660894577e+01
1.218651417687333982e+00 4.838245611977959015e+01
1.259396931727273516e+00 4.518495482870137181e+01
1.301504768815691548e+00 4.219157193352072710e+01
1.345020478116276896e+00 3.938209230134698657e+01
1.389991131725407447e+00 3.674810082762028429e+01
1.436465375591293947e+00 3.428099359336940211e+01
1.484493482135585296e+00 3.196106504210833066e+01
1.534127404634392455e+00 2.977882344180841656e+01
1.585420833417506836e+00 2.773636115360678289e+01
1.638429253946665609e+00 2.583805078939343502e+01
1.693210006835640158e+00 2.405349466652030799e+01
1.749822349877109051e+00 2.238547929967328187e+01
1.808327522143368116e+00 2.082376824098637158e+01
1.868788810230267217e+00 1.936688183439396838e+01
1.931271616715998229e+00 1.800772026866041742e+01
1.995843530908793184e+00 1.673540918029236479e+01
2.062574401960084458e+00 1.554626224043219551e+01
2.131536414422164238e+00 1.444232167139738188e+01
2.202804166332139602e+00 1.341025256043279335e+01
2.276454749906602792e+00 1.244778958398386770e+01
2.352567834934338631e+00 1.155277816605610930e+01
2.431225754957225149e+00 1.071867512226338093e+01
2.512513596332623944e+00 9.941151827062377322e+00
2.596519290273538783e+00 9.218835563796353938e+00
2.683333707966161441e+00 8.546318248850443666e+00
2.773050758867611432e+00 7.920283400520437667e+00
2.865767492290306695e+00 7.338935792431454885e+00
2.961584202382770314e+00 6.798251043093047841e+00
3.060604536620467719e+00 6.295993678636451207e+00
3.162935607924048931e+00 5.829363479598082876e+00
3.268688110526199786e+00 5.396047676673806137e+00
3.377976439712552459e+00 4.993880519258061312e+00
3.490918815566087297e+00 4.620567042484613474e+00
3.607637410848952619e+00 4.274174400574504595e+00
3.728258483159945236e+00 3.952925938433164088e+00
3.852912511510727001e+00 3.654998489999483180e+00
3.981734337468417539e+00 3.379043265852808009e+00
4.114863311017320058e+00 3.123158447158403295e+00
4.252443441297450555e+00 2.886036211161260301e+00
4.394623552383071896e+00 2.666465711830081187e+00
4.541557444269631816e+00 2.463033492798444524e+00
4.693404059243289517e+00 2.274677538115946085e+00
4.850327653813030437e+00 2.100376076011285509e+00
5.012497976391239618e+00 1.939020797561572973e+00
5.180090450915090017e+00 1.789754380661152222e+00
5.353286366607249214e+00 1.651715587524535955e+00
5.532273074081278885e+00 1.524012897956121382e+00
5.717244188003695271e+00 1.405960285181612202e+00
5.908399796532135539e+00 1.296850995533663342e+00
6.105946677756002750e+00 1.195996554952934554e+00
6.310098523373801171e+00 1.102805383672754491e+00
6.521076169849157722e+00 1.016717285522830583e+00
6.739107837295406966e+00 9.371726036369975033e-01
6.964429376347387013e+00 8.637027551753135857e-01
7.197284523287298619e+00 7.958679597337946499e-01
7.437925163700752407e+00 7.332772261157706195e-01
7.686611604948010879e+00 6.755097137266089513e-01
7.943612857745410594e+00 6.222060813322950468e-01
8.209206927161357470e+00 5.730166364840035831e-01
8.483681113341843272e+00 5.276301636985543109e-01
8.767332322290526392e+00 4.857778199899858151e-01
9.060467387039910392e+00 4.471752519553282013e-01
9.363403399560734641e+00 4.115763815524432490e-01
9.676468053768756405e+00 3.787763483158257394e-01
1.000000000000001243e+01 3.485478206937217549e-01
