2.000000000000000164e-05 5.263231207860897598e+01
2.066869842267550072e-05 5.432504022112567554e+01
2.135975472437544027e-05 5.607191933582498677e+01
2.207391643902171255e-05 5.787520841169325081e+01
2.281195609427394449e-05 5.973631464909743727e+01
2.357467204719313169e-05 6.165731584052608127e+01
2.436288934784564352e-05 6.364025415341586722e+01
2.517746063178175121e-05 6.568650842715058502e+01
2.601926704235410016e-05 6.779896260700382982e+01
2.688921918387384303e-05 6.997930426603105047e+01
2.778825810663545582e-05 7.223003637243337494e+01
2.871735632487579741e-05 7.455265217465353089e+01
2.967751886876853870e-05 7.695039073434401189e+01
3.066978437159193627e-05 7.942521052285599126e+01
3.169522619324599853e-05 8.197888670144834578e+01
3.275495358133433647e-05 8.461569530543386009e+01
3.385011287106671010e-05 8.733672847427811803e+01
3.498188872528021299e-05 9.014533676147323149e+01
3.615150541592045298e-05 9.304435699777627633e+01
3.736022814836899319e-05 9.603652326668594696e+01
3.860936443004954884e-05 9.912494737682237655e+01
3.990026548479344494e-05 1.023132738260503061e+02
4.123432771449419843e-05 1.056034121441297202e+02
4.261299420963254024e-05 1.089995187107169272e+02
4.403775631030562105e-05 1.125048921924420142e+02
4.551015521944909301e-05 1.161230443072039975e+02
4.703178366999723984e-05 1.198573855609612338e+02
4.860428764778435972e-05 1.237124620981074941e+02
5.022936817205134787e-05 1.276913146293901491e+02
5.190878313548323190e-05 1.317979700098331364e+02
5.364434920576834987e-05 1.360364733699597650e+02
5.543794379073590958e-05 1.404115801678167941e+02
5.729150706919781900e-05 1.449272713861449802e+02
5.920704408969155763e-05 1.495890057270202078e+02
6.118662693939432690e-05 1.543996207618113203e+02
6.323239698555469304e-05 1.593657336732144358e+02
6.534656719186627638e-05 1.644916401005178841e+02
6.753142451228926792e-05 1.697815458422024903e+02
6.978933236490913268e-05 1.752426383080216965e+02
7.212273318850868345e-05 1.808792499714763835e+02
7.453415108461877573e-05 1.866966439624968643e+02
7.702619454790587906e-05 1.927019791812159610e+02
7.960155928784993205e-05 1.989009788674587753e+02
8.226303114476471348e-05 2.052982577950007226e+02
8.501348910331518868e-05 2.119023049599536535e+02
8.785590840679157983e-05 2.187178393017637745e+02
9.079336377550881697e-05 2.257539481872123588e+02
9.382903273281309529e-05 2.330168532521287261e+02
9.696619904229312483e-05 2.405124180517469767e+02
1.002082562599141270e-04 2.482488774435023515e+02
1.035587114049174785e-04 2.562358040751183808e+02
1.070211887534562421e-04 2.644788598952538905e+02
1.105994337590709140e-04 2.729868744356923571e+02
1.142973171042456330e-04 2.817703530041490012e+02
1.181188388874281471e-04 2.908355695324831913e+02
1.220681329500424115e-04 3.001931686545606226e+02
1.261494713481742377e-04 3.098533991058081938e+02
1.303672689737678670e-04 3.198224677761038492e+02
1.347260883303314362e-04 3.301138695021597869e+02
1.392306444683180742e-04 3.407366746460286322e+02
1.438858100855209437e-04 3.517027468921094169e+02
1.486966207979997041e-04 3.630204721497671017e+02
1.536682805872396744e-04 3.747034467915250389e+02
1.588061674294368483e-04 3.867656321687866239e+02
1.641158391129971276e-04 3.992128277893959876e+02
1.696030392505434848e-04 4.120619164096490294e+02
1.752737034919339915e-04 4.253290127193156422e+02
1.811339659450114388e-04 4.390206106033713240e+02
1.871901658110307874e-04 4.531537055998694541e+02
1.934488542419408646e-04 4.677452135462124261e+02
1.999168014269393128e-04 4.828071277501646819e+02
2.066010039159656652e-04 4.983528880220239898e+02
2.135086921880547338e-04 5.144033726021416442e+02
2.206473384727377968e-04 5.309693972040315657e+02
2.280246648329511538e-04 5.480706150125502063e+02
2.356486515181963309e-04 5.657250225839527502e+02
2.435275455969876748e-04 5.839505101650468077e+02
2.516698698779247295e-04 6.027625482808593915e+02
2.600844321290405573e-04 6.221833662885615013e+02
2.687803346053976817e-04 6.422307860160549353e+02
2.777669838952388651e-04 6.629264568993676221e+02
2.870541010953427292e-04 6.842943952682639974e+02
2.966517323265922064e-04 7.063488771480456307e+02
3.065702596011295341e-04 7.291168774549646514e+02
3.168204120528543403e-04 7.526197387093043289e+02
3.274132775434116785e-04 7.768860910977082312e+02
3.383603146562264279e-04 8.019308987399813304e+02
3.496733650915567022e-04 8.277843826644630099e+02
3.613646664759745386e-04 8.544804462077263452e+02
3.734468656001317080e-04 8.820305311291826911e+02
3.859330320991275886e-04 9.104749579105964585e+02
3.988366725902805230e-04 9.398347836231437213e+02
4.121717452835938129e-04 9.701375273228381957e+02
4.259526750807212541e-04 1.001419595150043733e+03
4.401943691787655547e-04 1.033711231835052331e+03
4.549122331957894719e-04 1.067030064683431192e+03
4.701221878354804149e-04 1.101434242893444662e+03
4.858406861089974399e-04 1.136922814818051393e+03
5.020847311326308640e-04 1.173558643384144489e+03
5.188718945205230424e-04 1.211363541300461293e+03
5.362203353923492141e-04 1.250365798795423871e+03
5.541488200165187389e-04 1.290613661964798666e+03
5.726767421101455150e-04 1.332124604234795697e+03
5.918241438177454907e-04 1.374951828669618408e+03
6.116117373913557359e-04 1.419123700009185995e+03
6.320609275955268004e-04 1.464673988325325809e+03
6.531938348614238542e-04 1.511643488654667635e+03
6.750333192150836329e-04 1.560069982224367777e+03
6.976030050057104547e-04 1.609980864330668737e+03
7.209273064607610694e-04 1.661416441901756116e+03
7.450314540954613768e-04 1.714405082903599578e+03
7.699415220053250396e-04 1.768998497559441603e+03
7.956844560711916160e-04 1.825215382623737241e+03
8.222881031073025473e-04 1.883084997583205222e+03
8.497812409839368810e-04 1.942653686576927612e+03
8.781936097571961097e-04 2.003937656106036229e+03
9.075559438396131216e-04 2.066956979242841044e+03
9.379000052463793693e-04 2.131762649951942876e+03
9.692586179531593148e-04 2.198350723993166866e+03
1.001665703402655023e-03 2.266771827913003108e+03
1.035156317198330069e-03 2.337015505633853536e+03
1.069766687024985286e-03 2.409108619089265630e+03
1.105534251837205851e-03 2.483068381855191546e+03
1.142497702358069404e-03 2.558910872138321793e+03
1.180697022931930960e-03 2.636628283263480625e+03
1.220173534776542454e-03 2.716220446786583125e+03
1.260969940681316284e-03 2.797703440525929182e+03
1.303130371200056587e-03 2.881049576414025069e+03
1.346700432388157767e-03 2.966284737814266919e+03
1.391727255135877424e-03 3.053353371074153983e+03
1.438259546151070007e-03 3.142277320006232912e+03
1.486347640646530459e-03 3.233001140587475675e+03
1.536043556788919398e-03 3.325506681003189442e+03
1.587401051968200579e-03 3.419759371960544740e+03
1.640475680948428249e-03 3.515714730109084485e+03
1.695324855962815390e-03 3.613356426579184699e+03
1.752007908818060174e-03 3.712588549867887195e+03
1.810586155075142928e-03 3.813390979475088898e+03
1.871122960375984270e-03 3.915694359865146907e+03
1.933683808987751848e-03 4.019423457914308528e+03
1.998336374638913938e-03 4.124502817773982315e+03
2.065150593723721201e-03 4.230845178431573004e+03
2.134198740954243185e-03 4.338434188762930717e+03
2.205555507541849362e-03 4.447093043090408173e+03
2.279298081992675151e-03 4.556795309461658690e+03
2.355506233604463730e-03 4.667362773186068807e+03
2.434262398755145627e-03 4.778750975436341832e+03
2.515651770076436904e-03 4.890840823513299256e+03
2.599762388608985089e-03 5.003474053305471898e+03
2.686685239038679764e-03 5.116558771575710125e+03
2.776514348117217236e-03 5.229936781340547896e+03
2.869346886373309435e-03 5.343488426496278407e+03
2.965283273224645581e-03 5.457072223467530421e+03
3.064427285604211931e-03 5.570513475259067491e+03
3.166886170218578649e-03 5.683709169450939953e+03
3.272770759559481216e-03 5.796458176502364950e+03
3.382195591794276077e-03 5.908611687931879715e+03
3.495279034664920681e-03 6.019999332413299271e+03
3.612143413529477973e-03 6.130481434091816482e+03
3.732915143684721951e-03 6.239857314024611696e+03
3.857724867112893516e-03 6.347965181704930728e+03
3.986707593800617976e-03 6.454562948655257060e+03
4.120002847782761740e-03 6.559548384956997324e+03
4.257754818069308354e-03 6.662687521486477635e+03
4.400112514618404608e-03 6.763794215861144039e+03
4.547229929524409554e-03 6.862659831983801269e+03
4.699266203595197679e-03 6.959076343020424247e+03
4.856385798499019031e-03 7.052890749223006424e+03
5.018758674667020935e-03 7.143848421427101130e+03
5.186560475143959549e-03 7.231701604029731243e+03
5.359972715585955248e-03 7.316307344116448803e+03
5.539182980610755057e-03 7.397376488560239522e+03
5.724385126713026593e-03 7.474781463189465285e+03
5.915779491964028892e-03 7.548144458225688140e+03
6.113573112722652143e-03 7.617488916447546217e+03
6.317979947592099882e-03 7.682407333294468117e+03
6.529221108864616957e-03 7.742699379061596119e+03
6.747525101704480652e-03 7.798241465247738233e+03
6.973128071328140755e-03 7.848682787349171122e+03
7.206274058448705437e-03 7.893950713445738074e+03
7.447215263261310406e-03 7.933725134886808519e+03
7.696212318254701257e-03 7.967869596850723610e+03
7.953534570144332738e-03 7.996144439584641077e+03
8.219460371231864307e-03 8.018355872884349083e+03
8.494277380506187053e-03 8.034359199292193807e+03
8.778282874811823774e-03 8.043791317918658024e+03
9.071784070421121463e-03 8.046669756623414287e+03
9.375098455358292851e-03 8.042732393217447679e+03
9.688554132834568261e-03 8.031734943297342397e+03
1.001249017616620725e-02 8.013588534104565042e+03
1.034725699555901803e-02 7.988138737148037762e+03
1.069321671715643858e-02 7.955142670603599981e+03
1.105074357476093505e-02 7.914550902410410345e+03
1.142022431465263173e-02 7.866139419676073885e+03
1.180205861394306721e-02 7.809908286884856352e+03
1.219665951291643881e-02 7.745602397167203890e+03
1.260445386182631328e-02 7.673165912215445132e+03
1.302588278263077520e-02 7.592592888745020900e+03
1.346140214616583890e-02 7.503679451750977023e+03
1.391148306527291781e-02 7.406466778075155162e+03
1.437661240441416924e-02 7.300933950249709596e+03
1.485729330632660182e-02 7.187020667147407949e+03
1.535404573628500365e-02 7.064765913273622573e+03
1.586740704456205894e-02 6.934279291458806256e+03
1.639793254769450481e-02 6.795605205778119853e+03
1.694619612918364313e-02 6.648938901191904733e+03
1.751279086028037155e-02 6.494302929078658053e+03
1.809832964152614798e-02 6.332046680978528457e+03
1.870344586574363213e-02 6.162405391197244171e+03
1.932879410319460894e-02 5.985663946975219005e+03
1.997505080964588620e-02 5.802259164417810098e+03
2.064291505810955316e-02 5.612565166234599019e+03
2.133310929504865505e-02 5.417148289280521567e+03
2.204638012186681956e-02 5.216529025055351667e+03
2.278349910252664909e-02 5.011367638734664069e+03
2.354526359817107548e-02 4.802432649784241221e+03
2.433249762964985810e-02 4.590488109075340617e+03
2.514605276888498206e-02 4.376392440876370529e+03
2.598680906003840441e-02 4.161019429429288721e+03
2.685567597147924673e-02 3.945400370134157129e+03
2.775359337957988490e-02 3.730542362023952592e+03
2.868153258540498754e-02 3.517612982041864598e+03
2.964049736539381419e-02 3.307645979665248888e+03
3.063152505717161092e-02 3.101824169982501189e+03
3.165568768166540647e-02 2.901265245330760081e+03
3.271409310273729054e-02 2.707049139207811095e+03
3.380788622559029871e-02 2.520298675116937375e+03
3.493825023524253087e-02 2.342037118818116141e+03
3.610640787640997940e-02 2.173055589864488866e+03
3.731362277618164441e-02 2.014343443005491281e+03
3.856120081091872487e-02 1.866527805123914732e+03
3.985049151885547425e-02 1.730008876824394974e+03
4.118288955993056055e-02 1.605191189932083944e+03
4.255983622442782027e-02 1.492311092845884559e+03
4.398282099205792772e-02 1.391205400349754200e+03
4.545338314316834522e-02 1.301668431286398118e+03
4.697311342382341770e-02 1.223093746343110979e+03
4.854365576655684383e-02 1.154834825851612550e+03
5.016670906865677154e-02 1.095808417299595021e+03
5.184402902990837420e-02 1.044891907948676817e+03
5.357743005178047802e-02 1.000592758403017797e+03
5.536878720011212396e-02 9.611972844451338460e+02
5.722003823342062395e-02 9.250200930867504212e+02
5.913318569902666078e-02 8.900857447715861781e+02
6.111029909926251474e-02 8.545097196323331445e+02
6.315351713010779189e-02 8.163308188528026221e+02
6.526504999467336310e-02 7.739241119563121174e+02
6.744718179403717817e-02 7.260111773034986982e+02
6.970227299801623477e-02 6.717739135935698869e+02
7.203276299854979858e-02 6.110548615405059536e+02
7.444117274845411802e-02 5.445735684198371018e+02
7.693010748840443946e-02 4.737084896360647690e+02
7.950225956509210379e-02 4.007041700287300046e+02
8.216041134360790865e-02 3.283359467628906714e+02
8.490743821719984319e-02 2.597673786687482789e+02
8.774631171766281157e-02 1.980920143079583795e+02
9.068010272972255870e-02 1.460580665897214203e+02
9.371198481289348681e-02 1.056032942456840829e+02
9.684523763440215649e-02 7.772914684369425231e+01
1.000832505168899600e-01 6.225650918157043634e+01
1.034295261047340625e-01 5.782059114016192325e+01
1.068876841529496080e-01 6.206319108351635805e+01
1.104614654427753945e-01 7.169057131570298225e+01
1.141547358281756464e-01 8.283045263140593306e+01
1.179714904176376727e-01 9.135431951282953378e+01
1.219158578957853512e-01 9.348573894620130886e+01
1.259921049894874856e-01 8.644739013881917344e+01
1.302046410832891354e-01 6.924782254394813208e+01
1.345580229891604751e-01 4.325694247630053724e+01
1.390569598757198100e-01 1.213923692324442527e+01
1.437063183622670492e-01 -1.880017532527745061e+01
1.485111277831346888e-01 -4.401081522793901968e+01
1.534765856280515817e-01 -5.926087535310671228e+01
1.586080631644066208e-01 -6.282071507868749904e+01
1.639111112474894438e-01 -5.587997209720015235e+01
1.693914663249987407e-01 -4.220070119286447152e+01
1.750550566423093313e-01 -2.703976421702463995e+01
1.809080086552135869e-01 -1.596009034561575390e+01
1.869566536570689830e-01 -1.316003537810956914e+01
1.932075346275276828e-01 -1.949717096381391457e+01
1.996674133102498971e-01 -3.394423063791236927e+01
2.063432775272630582e-01 -4.869775175374570608e+01
2.132423487378718452e-01 -5.938796143796480465e+01
2.203720898503036263e-01 -6.099031126916997891e+01
2.277402132945338109e-01 -5.448782495878958798e+01
2.353546893650253491e-01 -4.380770063316049345e+01
2.432237548424092122e-01 -3.454811769962589096e+01
2.513559219034258718e-01 -3.128878955526033678e+01
2.597599873287743666e-01 -3.477914914940583913e+01
2.684450420188219666e-01 -4.148001304881290707e+01
2.774204808274743361e-01 -4.634309166312732486e+01
2.866960127248350254e-01 -4.541824941042591490e+01
2.962816712996577673e-01 -4.011419382516237420e+01
3.061878256129444420e-01 -3.394905273561107606e+01
3.164251914144354805e-01 -3.104383127671212605e+01
3.270048427341168962e-01 -3.224340201284235263e+01
3.379382238612947953e-01 -3.446789021110589601e+01
3.492371617241852855e-01 -3.443347032209089775e+01
3.609138786834163448e-01 -3.159531214928165355e+01
3.729810057532814693e-01 -2.816971509675681773e+01
3.854515962650386651e-01 -2.655231470055468890e+01
3.983391399870480631e-01 -2.669157142611879863e+01
4.116575777170102257e-01 -2.654778043512351360e+01
4.254213163620995108e-01 -2.494800173014880329e+01
4.396452445232932327e-01 -2.288550709200194433e+01
4.543447486007690661e-01 -2.171220939785030168e+01
4.695357294377799362e-01 -2.121867828006315904e+01
4.852346195210218704e-01 -2.033924120128062896e+01
5.014584007560848322e-01 -1.896387711386694264e+01
5.182246228372336949e-01 -1.783212870281602136e+01
5.355514222313770833e-01 -1.708553708736133103e+01
5.534575417967635413e-01 -1.623504934739571581e+01
5.719623510576314906e-01 -1.523147373900769708e+01
5.910858671567322808e-01 -1.438790646848843835e+01
6.108487765084068544e-01 -1.365419826122064251e+01
6.312724571756275216e-01 -1.285383641227070939e+01
6.523790019952193653e-01 -1.209565360025436576e+01
6.741912424762606104e-01 -1.141757328278231398e+01
6.967327734975364839e-01 -1.074942855131865826e+01
7.200279788307419881e-01 -1.010135404658853986e+01
7.441020575170596008e-01 -9.507195129322383309e+00
7.689810511256225389e-01 -8.930539747805994466e+00
7.946918719233755368e-01 -8.384134961604416958e+00
8.212623319867858873e-01 -7.874763211004278673e+00
8.487211732869031078e-01 -7.385137416936231602e+00
8.770980987803161932e-01 -6.922485505447895093e+00
9.064238045396205701e-01 -6.486475017077282246e+00
9.367300129581793700e-01 -6.074877194518677470e+00
9.680495070650749767e-01 -5.686814116483844828e+00
1.000416165987385808e+00 -5.321353003091644496e+00
1.033865001598128330e+00 -4.977792292543199437e+00
1.068432196389532240e+00 -4.653995005995739120e+00
1.104155142612600837e+00 -4.347809611699702259e+00
1.141072482725305592e+00 -4.060609391317413497e+00
1.179224151193147607e+00 -3.791594794956552050e+00
1.218651417687333982e+00 -3.537536515913117796e+00
1.259396931727273516e+00 -3.300462435477200529e+00
1.301504768815691548e+00 -3.077762208067156280e+00
1.345020478116276896e+00 -2.868661298156283124e+00
1.389991131725407447e+00 -2.672808729520852467e+00
1.436465375591293947e+00 -2.489410834560032981e+00
1.484493482135585296e+00 -2.318081711215533858e+00
1.534127404634392455e+00 -2.157787389122418631e+00
1.585420833417506836e+00 -2.007521636206242022e+00
1.638429253946665609e+00 -1.867284977092964482e+00
1.693210006835640158e+00 -1.736279469919850271e+00
1.749822349877109051e+00 -1.614109898846649571e+00
1.808327522143368116e+00 -1.499831441856258607e+00
1.868788810230267217e+00 -1.393216495298688073e+00
1.931271616715998229e+00 -1.293903914887568618e+00
1.995843530908793184e+00 -1.201366356969586491e+00
2.062574401960084458e+00 -1.115069629446008292e+00
2.131536414422164238e+00 -1.034664978303680982e+00
2.202804166332139602e+00 -9.597598537001772456e-01
2.276454749906602792e+00 -8.901276626186138685e-01
2.352567834934338631e+00 -8.253157305788327847e-01
2.431225754957225149e+00 -7.649971749196460280e-01
2.512513596332623944e+00 -7.088630256888794889e-01
2.596519290273538783e+00 -6.567381620909973350e-01
2.683333707966161441e+00 -6.082618555987906461e-01
2.773050758867611432e+00 -5.632179259717684516e-01
2.865767492290306695e+00 -5.214372367009012521e-01
2.961584202382770314e+00 -4.826206441128810809e-01
3.060604536620467719e+00 -4.466282494634654654e-01
3.162935607924048931e+00 -4.131979680087649598e-01
3.268688110526199786e+00 -3.821760015345088135e-01
3.377976439712552459e+00 -3.534220277979471803e-01
3.490918815566087297e+00 -3.267660403259364799e-01
3.607637410848952619e+00 -3.020414476201427334e-01
3.728258483159945236e+00 -2.791350771929446140e-01
3.852912511510727001e+00 -2.579213229797927553e-01
3.981734337468417539e+00 -2.382787524956286873e-01
4.114863311017320058e+00 -2.200902912146762702e-01
4.252443441297450555e+00 -2.032419150468367519e-01
4.394623552383071896e+00 -1.876466275862020971e-01
4.541557444269631816e+00 -1.732234781995423134e-01
4.693404059243289517e+00 -1.598751175249168988e-01
4.850327653813030437e+00 -1.475332738009793587e-01
5.012497976391239618e+00 -1.361211007484097735e-01
5.180090450915090017e+00 -1.255629249630496602e-01
5.353286366607249214e+00 -1.158078799467388009e-01
5.532273074081278885e+00 -1.067934501608580611e-01
5.717244188003695271e+00 -9.846494541842609749e-02
5.908399796532135539e+00 -9.077194799020138483e-02
6.105946677756002750e+00 -8.366476250219356814e-02
6.310098523373801171e+00 -7.710390860982130334e-02
6.521076169849157722e+00 -7.104578993742394211e-02
6.739107837295406966e+00 -6.545258801070708010e-02
6.964429376347387013e+00 -6.029168817286878479e-02
7.197284523287298619e+00 -5.552982265424666330e-02
7.437925163700752407e+00 -5.113661326786256289e-02
7.686611604948010879e+00 -4.708351621922790553e-02
7.943612857745410594e+00 -4.334585879978813949e-02
8.209206927161357470e+00 -3.989900051432071493e-02
8.483681113341843272e+00 -3.672241883975801979e-02
8.767332322290526392e+00 -3.379334286442214896e-02
9.060467387039910392e+00 -3.109254662253924106e-02
9.363403399560734641e+00 -2.860504843153144350e-02
9.676468053768756405e+00 -2.631347619144130956e-02
1.000000000000001243e+01 -2.420131380521078901e-02
