2.000000000000000164e-05 2.195488888867332378e+02
2.066869842267550072e-05 2.266088921644088998e+02
2.135975472437544027e-05 2.338959916372570262e+02
2.207391643902171255e-05 2.414173676558267232e+02
2.281195609427394449e-05 2.491806271986138768e+02
2.357467204719313169e-05 2.571934953018259193e+02
2.436288934784564352e-05 2.654639978435843091e+02
2.517746063178175121e-05 2.740005069931830803e+02
2.601926704235410016e-05 2.828114291214351965e+02
2.688921918387384303e-05 2.919056919159855283e+02
2.778825810663545582e-05 3.012923278244523431e+02
2.871735632487579741e-05 3.109808554790429866e+02
2.967751886876853870e-05 3.209808199542572993e+02
3.066978437159193627e-05 3.313023453953248350e+02
3.169522619324599853e-05 3.419558617607788165e+02
3.275495358133433647e-05 3.529517252149598221e+02
3.385011287106671010e-05 3.643012564579204309e+02
3.498188872528021299e-05 3.760156317644187425e+02
3.615150541592045298e-05 3.881066998437064512e+02
3.736022814836899319e-05 4.005864495561478975e+02
3.860936443004954884e-05 4.134674778830573132e+02
3.990026548479344494e-05 4.267625776393594492e+02
4.123432771449419843e-05 4.404851073252667106e+02
4.261299420963254024e-05 4.546489421304866596e+02
4.403775631030562105e-05 4.692680337830542499e+02
4.551015521944909301e-05 4.843570445795686510e+02
4.703178366999723984e-05 4.999311627219245793e+02
4.860428764778435972e-05 5.160059357627023928e+02
5.022936817205134787e-05 5.325974339356861265e+02
5.190878313548323190e-05 5.497222697584203388e+02
5.364434920576834987e-05 5.673975806194762299e+02
5.543794379073590958e-05 5.856410303364482388e+02
5.729150706919781900e-05 6.044708872724365847e+02
5.920704408969155763e-05 6.239058384993011259e+02
6.118662693939432690e-05 6.439655832673377063e+02
6.323239698555469304e-05 6.646698646823252830e+02
6.534656719186627638e-05 6.860395865207223096e+02
6.753142451228926792e-05 7.080961814778549979e+02
6.978933236490913268e-05 7.308613454621971641e+02
7.212273318850868345e-05 7.543581839534220990e+02
7.453415108461877573e-05 7.786100445700695900e+02
7.702619454790587906e-05 8.036409321150903224e+02
7.960155928784993205e-05 8.294759352283584803e+02
8.226303114476471348e-05 8.561411225606906328e+02
8.501348910331518868e-05 8.836627130557376404e+02
8.785590840679157983e-05 9.120684482768579073e+02
9.079336377550881697e-05 9.413864474197929439e+02
9.382903273281309529e-05 9.716460418605001905e+02
9.696619904229312483e-05 1.002877418422810365e+03
1.002082562599141270e-04 1.035111600923830338e+03
1.035587114049174785e-04 1.068380697940378695e+03
1.070211887534562421e-04 1.102717914144994893e+03
1.105994337590709140e-04 1.138157368259110626e+03
1.142973171042456330e-04 1.174734284152527152e+03
1.181188388874281471e-04 1.212484923947656171e+03
1.220681329500424115e-04 1.251446843461658318e+03
1.261494713481742377e-04 1.291658657183906598e+03
1.303672689737678670e-04 1.333160678469558434e+03
1.347260883303314362e-04 1.375993491809132820e+03
1.392306444683180742e-04 1.420200152313338776e+03
1.438858100855209437e-04 1.465823641401730356e+03
1.486966207979997041e-04 1.512909913211612547e+03
1.536682805872396744e-04 1.561504941672956875e+03
1.588061674294368483e-04 1.611656826940689143e+03
1.641158391129971276e-04 1.663415433034442913e+03
1.696030392505434848e-04 1.716831556464537698e+03
1.752737034919339915e-04 1.771957072458144239e+03
1.811339659450114388e-04 1.828847785329454155e+03
1.871901658110307874e-04 1.887558330046221727e+03
1.934488542419408646e-04 1.948146432695589510e+03
1.999168014269393128e-04 2.010671840720293858e+03
2.066010039159656652e-04 2.075195602674236852e+03
2.135086921880547338e-04 2.141781054942898209e+03
2.206473384727377968e-04 2.210492322550166591e+03
2.280246648329511538e-04 2.281397211778718429e+03
2.356486515181963309e-04 2.354564140426743961e+03
2.435275455969876748e-04 2.430063883532117870e+03
2.516698698779247295e-04 2.507970020570728593e+03
2.600844321290405573e-04 2.588357867066390099e+03
2.687803346053976817e-04 2.671304005766603950e+03
2.777669838952388651e-04 2.756889382989546448e+03
2.870541010953427292e-04 2.845194973595170268e+03
2.966517323265922064e-04 2.936305720061159263e+03
3.065702596011295341e-04 3.030308768848412456e+03
3.168204120528543403e-04 3.127292795757310614e+03
3.274132775434116785e-04 3.227350048293504187e+03
3.383603146562264279e-04 3.330575498670383240e+03
3.496733650915567022e-04 3.437064747364763662e+03
3.613646664759745386e-04 3.546918961826081159e+03
3.734468656001317080e-04 3.660240350350443350e+03
3.859330320991275886e-04 3.777134848694723132e+03
3.988366725902805230e-04 3.897708713163342054e+03
4.121717452835938129e-04 4.022075531017928370e+03
4.259526750807212541e-04 4.150347417353738820e+03
4.401943691787655547e-04 4.282641828923332469e+03
4.549122331957894719e-04 4.419080339143509264e+03
4.701221878354804149e-04 4.559783228511779271e+03
4.858406861089974399e-04 4.704879734489207294e+03
5.020847311326308640e-04 4.854497047837043283e+03
5.188718945205230424e-04 5.008767346449406432e+03
5.362203353923492141e-04 5.167828854241901354e+03
5.541488200165187389e-04 5.331818863484651956e+03
5.726767421101455150e-04 5.500881093834153035e+03
5.918241438177454907e-04 5.675159936700853905e+03
6.116117373913557359e-04 5.854803580716230499e+03
6.320609275955268004e-04 6.039966368188353044e+03
6.531938348614238542e-04 6.230803643835807634e+03
6.750333192150836329e-04 6.427472707504256505e+03
6.976030050057104547e-04 6.630137094394577616e+03
7.209273064607610694e-04 6.838963810365658901e+03
7.450314540954613768e-04 7.054120482468382761e+03
7.699415220053250396e-04 7.275777843778614624e+03
7.956844560711916160e-04 7.504113149588796659e+03
8.222881031073025473e-04 7.739306040692566057e+03
8.497812409839368810e-04 7.981535330962443368e+03
8.781936097571961097e-04 8.230988338328366808e+03
9.075559438396131216e-04 8.487853552295957343e+03
9.379000052463793693e-04 8.752316392249120327e+03
9.692586179531593148e-04 9.024575649160544344e+03
1.001665703402655023e-03 9.304823045664737947e+03
1.035156317198330069e-03 9.593256496390253233e+03
1.069766687024985286e-03 9.890076270674091575e+03
1.105534251837205851e-03 1.019548446415034596e+04
1.142497702358069404e-03 1.050967848920147662e+04
1.180697022931930960e-03 1.083286872881228192e+04
1.220173534776542454e-03 1.116525822606335896e+04
1.260969940681316284e-03 1.150704998274490026e+04
1.303130371200056587e-03 1.185845111045725389e+04
1.346700432388157767e-03 1.221966509135403794e+04
1.391727255135877424e-03 1.259089930393521354e+04
1.438259546151070007e-03 1.297235387063740563e+04
1.486347640646530459e-03 1.336423400050752934e+04
1.536043556788919398e-03 1.376673637207762840e+04
1.587401051968200579e-03 1.418006354422014010e+04
1.640475680948428249e-03 1.460440620831533488e+04
1.695324855962815390e-03 1.503995043137133143e+04
1.752007908818060174e-03 1.548688962917619392e+04
1.810586155075142928e-03 1.594539835688682251e+04
1.871122960375984270e-03 1.641564903527103888e+04
1.933683808987751848e-03 1.689781265104658451e+04
1.998336374638913938e-03 1.739204623467742204e+04
2.065150593723721201e-03 1.789850149901232362e+04
2.134198740954243185e-03 1.841730672398848037e+04
2.205555507541849362e-03 1.894860615607710861e+04
2.279298081992675151e-03 1.949250169113457014e+04
2.355506233604463730e-03 2.004911024989969155e+04
2.434262398755145627e-03 2.061851293354580048e+04
2.515651770076436904e-03 2.120078334956222170e+04
2.599762388608985089e-03 2.179598554580087148e+04
2.686685239038679764e-03 2.240414789688781457e+04
2.776514348117217236e-03 2.302530230405277325e+04
2.869346886373309435e-03 2.365943351350721423e+04
2.965283273224645581e-03 2.430653212745448400e+04
3.064427285604211931e-03 2.496654634586179964e+04
3.166886170218578649e-03 2.563939628997920227e+04
3.272770759559481216e-03 2.632498856443993645e+04
3.382195591794276077e-03 2.702318945537384570e+04
3.495279034664920681e-03 2.773384558102600931e+04
3.612143413529477973e-03 2.845675191564933266e+04
3.732915143684721951e-03 2.919168498647991510e+04
3.857724867112893516e-03 2.993837782953532951e+04
3.986707593800617976e-03 3.069652794657645063e+04
4.120002847782761740e-03 3.146578536467868980e+04
4.257754818069308354e-03 3.224574760560576033e+04
4.400112514618404608e-03 3.303598972060219967e+04
4.547229929524409554e-03 3.383601672105074977e+04
4.699266203595197679e-03 3.464530205534333800e+04
4.856385798499019031e-03 3.546325748236731306e+04
5.018758674667020935e-03 3.628924337655635463e+04
5.186560475143959549e-03 3.712256946676993539e+04
5.359972715585955248e-03 3.796247622725943802e+04
5.539182980610755057e-03 3.880815656196948839e+04
5.724385126713026593e-03 3.965872694250739733e+04
5.915779491964028892e-03 4.051325686209642299e+04
6.113573112722652143e-03 4.137069980510514870e+04
6.317979947592099882e-03 4.222999556804657914e+04
6.529221108864616957e-03 4.308997680058190599e+04
6.747525101704480652e-03 4.394940002032066695e+04
6.973128071328140755e-03 4.480696741126392590e+04
7.206274058448705437e-03 4.566125340937517467e+04
7.447215263261310406e-03 4.651082129710922891e+04
7.696212318254701257e-03 4.735409985560966743e+04
7.953534570144332738e-03 4.818944877364567947e+04
8.219460371231864307e-03 4.901513997100069537e+04
8.494277380506187053e-03 4.982934437371429522e+04
8.778282874811823774e-03 5.063016988212986325e+04
9.071784070421121463e-03 5.141558248710582120e+04
9.375098455358292851e-03 5.218350559836695902e+04
9.688554132834568261e-03 5.293176104273446981e+04
1.001249017616620725e-02 5.365807822745518934e+04
1.034725699555901803e-02 5.436009523739854194e+04
1.069321671715643858e-02 5.503536488455031940e+04
1.105074357476093505e-02 5.568133905669850355e+04
1.142022431465263173e-02 5.629542272472070181e+04
1.180205861394306721e-02 5.687490916533199925e+04
1.219665951291643881e-02 5.741706565257562761e+04
1.260445386182631328e-02 5.791908805385203596e+04
1.302588278263077520e-02 5.837808296816876100e+04
1.346140214616583890e-02 5.879118748470922583e+04
1.391148306527291781e-02 5.915544251442025416e+04
1.437661240441416924e-02 5.946793848596143653e+04
1.485729330632660182e-02 5.972576080544527213e+04
1.535404573628500365e-02 5.992603476561750722e+04
1.586740704456205894e-02 6.006592651570168528e+04
1.639793254769450481e-02 6.014269781708251685e+04
1.694619612918364313e-02 6.015374750562998815e+04
1.751279086028037155e-02 6.009663336679609347e+04
1.809832964152614798e-02 5.996909694352279621e+04
1.870344586574363213e-02 5.976909160333570617e+04
1.932879410319460894e-02 5.949491415400598635e+04
1.997505080964588620e-02 5.914514426405438280e+04
2.064291505810955316e-02 5.871877166517422302e+04
2.133310929504865505e-02 5.821521716417038260e+04
2.204638012186681956e-02 5.763440805887961324e+04
2.278349910252664909e-02 5.697681431023830373e+04
2.354526359817107548e-02 5.624348460413080466e+04
2.433249762964985810e-02 5.543615859178992832e+04
2.514605276888498206e-02 5.455725413348620350e+04
2.598680906003840441e-02 5.360992412437361781e+04
2.685567597147924673e-02 5.259811504263395909e+04
2.775359337957988490e-02 5.152652009916435782e+04
2.868153258540498754e-02 5.040065651836456527e+04
2.964049736539381419e-02 4.922679121322206629e+04
3.063152505717161092e-02 4.801195927141806897e+04
3.165568768166540647e-02 4.676387452641622076e+04
3.271409310273729054e-02 4.549086943602985411e+04
3.380788622559029871e-02 4.420177861446617317e+04
3.493825023524253087e-02 4.290585047721279261e+04
3.610640787640997940e-02 4.161255388752986619e+04
3.731362277618164441e-02 4.033143436319724424e+04
3.856120081091872487e-02 3.907187224380632688e+04
3.985049151885547425e-02 3.784296336631572922e+04
4.118288955993056055e-02 3.665316093255431770e+04
4.255983622442782027e-02 3.551013150969471462e+04
4.398282099205792772e-02 3.442045475977690512e+04
4.545338314316834522e-02 3.338937492193665821e+04
4.697311342382341770e-02 3.242058478299211856e+04
4.854365576655684383e-02 3.151591524535599092e+04
5.016670906865677154e-02 3.067517677337268833e+04
5.184402902990837420e-02 2.989592527821211115e+04
5.357743005178047802e-02 2.917333206736541615e+04
5.536878720011212396e-02 2.850007459040168760e+04
5.722003823342062395e-02 2.786636817554074150e+04
5.913318569902666078e-02 2.726012669862899929e+04
6.111029909926251474e-02 2.666723101485878942e+04
6.315351713010779189e-02 2.607209745397194638e+04
6.526504999467336310e-02 2.545841245599157992e+04
6.744718179403717817e-02 2.481015155531385608e+04
6.970227299801623477e-02 2.411283542200588636e+04
7.203276299854979858e-02 2.335491608679417186e+04
7.444117274845411802e-02 2.252917460915271658e+04
7.693010748840443946e-02 2.163406006300001536e+04
7.950225956509210379e-02 2.067458606084499115e+04
8.216041134360790865e-02 1.966270854589303417e+04
8.490743821719984319e-02 1.861694985461748729e+04
8.774631171766281157e-02 1.756121020327377119e+04
9.068010272972255870e-02 1.652278950704073577e+04
9.371198481289348681e-02 1.552983535141952780e+04
9.684523763440215649e-02 1.460844860106327360e+04
1.000832505168899600e-01 1.377987125184262732e+04
1.034295261047340625e-01 1.305802468071151270e+04
1.068876841529496080e-01 1.244761313090981821e+04
1.104614654427753945e-01 1.194302674825979739e+04
1.141547358281756464e-01 1.152812387783922350e+04
1.179714904176376727e-01 1.117715429798264813e+04
1.219158578957853512e-01 1.085714989443515879e+04
1.259921049894874856e-01 1.053208295031283706e+04
1.302046410832891354e-01 1.016870403041504323e+04
1.345580229891604751e-01 9.743252823663566232e+03
1.390569598757198100e-01 9.247440790229946288e+03
1.437063183622670492e-01 8.691520275755005059e+03
1.485111277831346888e-01 8.102841409385350744e+03
1.534765856280515817e-01 7.519587793507448623e+03
1.586080631644066208e-01 6.981258311805512676e+03
1.639111112474894438e-01 6.518727977951163666e+03
1.693914663249987407e-01 6.146605752969602690e+03
1.750550566423093313e-01 5.859594917988834823e+03
1.809080086552135869e-01 5.633613682376820179e+03
1.869566536570689830e-01 5.431917262050688805e+03
1.932075346275276828e-01 5.215883945922053499e+03
1.996674133102498971e-01 4.958955567548009640e+03
2.063432775272630582e-01 4.655887066906002474e+03
2.132423487378718452e-01 4.326402169719704943e+03
2.203720898503036263e-01 4.004180974272321237e+03
2.277402132945338109e-01 3.721921610341752512e+03
2.353546893650253491e-01 3.495997774372152890e+03
2.432237548424092122e-01 3.320160941296431247e+03
2.513559219034258718e-01 3.169803733132173420e+03
2.597599873287743666e-01 3.015376533962960821e+03
2.684450420188219666e-01 2.839150355673083595e+03
2.774204808274743361e-01 2.645129898404962205e+03
2.866960127248350254e-01 2.453919428357934066e+03
2.962816712996577673e-01 2.286938589474430501e+03
3.061878256129444420e-01 2.150776179343051808e+03
3.164251914144354805e-01 2.034568331380077552e+03
3.270048427341168962e-01 1.920270248066258773e+03
3.379382238612947953e-01 1.798011140383179963e+03
3.492371617241852855e-01 1.673181282208272705e+03
3.609138786834163448e-01 1.558437349542090942e+03
3.729810057532814693e-01 1.459924774809294377e+03
3.854515962650386651e-01 1.372278694426720676e+03
3.983391399870480631e-01 1.286349659706117109e+03
4.116575777170102257e-01 1.199729922408709399e+03
4.254213163620995108e-01 1.117558106476367129e+03
4.396452445232932327e-01 1.044051143215760476e+03
4.543447486007690661e-01 9.771442608810206139e+02
4.695357294377799362e-01 9.126755277006976712e+02
4.852346195210218704e-01 8.503753419508968818e+02
5.014584007560848322e-01 7.926650994615911259e+02
5.182246228372336949e-01 7.398209887772959519e+02
5.355514222313770833e-01 6.899791244799444030e+02
5.534575417967635413e-01 6.425916628635530969e+02
5.719623510576314906e-01 5.985057695401669662e+02
5.910858671567322808e-01 5.576206592471329486e+02
6.108487765084068544e-01 5.191541624017199865e+02
6.312724571756275216e-01 4.830769722696900885e+02
6.523790019952193653e-01 4.495296321772756869e+02
6.741912424762606104e-01 4.181778205108684574e+02
6.967327734975364839e-01 3.888420729075335771e+02
7.200279788307419881e-01 3.615008713907213291e+02
7.441020575170596008e-01 3.359964058737194250e+02
7.689810511256225389e-01 3.121875646828858066e+02
7.946918719233755368e-01 2.899998721690914749e+02
8.212623319867858873e-01 2.693142966950089203e+02
8.487211732869031078e-01 2.500356695704153651e+02
8.770980987803161932e-01 2.320797541896841381e+02
9.064238045396205701e-01 2.153569056501082741e+02
9.367300129581793700e-01 1.997921278306983481e+02
9.680495070650749767e-01 1.853079721078828754e+02
1.000416165987385808e+00 1.718331643961749080e+02
1.033865001598128330e+00 1.593007125351527407e+02
1.068432196389532240e+00 1.476468583332710409e+02
1.104155142612600837e+00 1.368131218088366268e+02
1.141072482725305592e+00 1.267458324072502620e+02
1.179224151193147607e+00 1.173939425179931817e+02
1.218651417687333982e+00 1.087087264544640703e+02
1.259396931727273516e+00 1.006447867829425604e+02
1.301504768815691548e+00 9.315877191055459150e+01
1.345020478116276896e+00 8.621093393064049337e+01
1.389991131725407447e+00 7.976486559627733186e+01
1.436465375591293947e+00 7.378624586198641566e+01
1.484493482135585296e+00 6.824244017813158791e+01
1.534127404634392455e+00 6.310255254726108376e+01
1.585420833417506836e+00 5.833809854703880404e+01
1.638429253946665609e+00 5.392313713832840705e+01
1.693210006835640158e+00 4.983318307910179357e+01
1.749822349877109051e+00 4.604497919632336078e+01
1.808327522143368116e+00 4.253674377093064152e+01
1.868788810230267217e+00 3.928867635208584375e+01
1.931271616715998229e+00 3.628236107824085366e+01
1.995843530908793184e+00 3.350026290751768698e+01
2.062574401960084458e+00 3.092604200663999592e+01
2.131536414422164238e+00 2.854477600051668063e+01
2.202804166332139602e+00 2.634252899854135421e+01
2.276454749906602792e+00 2.430614313182408281e+01
2.352567834934338631e+00 2.242349662604258498e+01
2.431225754957225149e+00 2.068339345296775278e+01
2.512513596332623944e+00 1.907527761650849030e+01
2.596519290273538783e+00 1.758945091557256291e+01
2.683333707966161441e+00 1.621687529300233876e+01
2.773050758867611432e+00 1.494912883078804988e+01
2.865767492290306695e+00 1.377843824868692124e+01
2.961584202382770314e+00 1.269755222831776642e+01
3.060604536620467719e+00 1.169975942132167113e+01
3.162935607924048931e+00 1.077882706763267606e+01
3.268688110526199786e+00 9.928971690693803254e+00
3.377976439712552459e+00 9.144851351646433812e+00
3.490918815566087297e+00 8.421493183573034003e+00
3.607637410848952619e+00 7.754295254911617974e+00
3.728258483159945236e+00 7.138999322227345345e+00
3.852912511510727001e+00 6.571657846594604280e+00
3.981734337468417539e+00 6.048613410599117834e+00
4.114863311017320058e+00 5.566482314281147481e+00
4.252443441297450555e+00 5.122128935717907616e+00
4.394623552383071896e+00 4.712654985389880480e+00
4.541557444269631816e+00 4.335379700136542169e+00
4.693404059243289517e+00 3.987818987858206654e+00
4.850327653813030437e+00 3.667678492959514980e+00
5.012497976391239618e+00 3.372836503406091868e+00
5.180090450915090017e+00 3.101330350761612120e+00
5.353286366607249214e+00 2.851348545028900894e+00
5.532273074081278885e+00 2.621216008474363424e+00
5.717244188003695271e+00 2.409384499823592929e+00
5.908399796532135539e+00 2.214424133986521159e+00
6.105946677756002750e+00 2.035013895346801771e+00
6.310098523373801171e+00 1.869936128371269657e+00
6.521076169849157722e+00 1.718064268750293611e+00
6.739107837295406966e+00 1.578357878327945940e+00
6.964429376347387013e+00 1.449859497322484314e+00
7.197284523287298619e+00 1.331683677178185476e+00
7.437925163700752407e+00 1.223014107300126607e+00
7.686611604948010879e+00 1.123098778004470555e+00
7.943612857745410594e+00 1.031242483827583323e+00
8.209206927161357470e+00 9.468049679848483668e-01
8.483681113341843272e+00 8.691962794683559812e-01
8.767332322290526392e+00 7.978715298985987747e-01
9.060467387039910392e+00 7.323290023403035143e-01
9.363403399560734641e+00 6.721069642440329339e-01
9.676468053768756405e+00 6.167793927160725165e-01
1.000000000000001243e+01 5.659537424997558297e-01
