!  STARS, BROWN DWARFS, AND GAS GIANT PLANETS COLORS
!  
!  E(B-V) =     0.000
!     A_V =     0.000
!
!  "MAGNITUDES" m AT THE STELLAR SURFACE
!  (distance modulus factor not included)
!
!  ABSOLUTE MAGNITUDES: M_m = m - 5logR(pc) + 5
!
! Type of calibration used: Vega
! Using recent Calspec Alpha Lyrea STIS spectrum:
! ftp://ftp.stsci.edu/cdbs/current_calspec/
!
! Uses Castelli/Kurucz models built into pysynphot ([M/H] = -2)
!
! Unless mentioned otherwise below, we calculate:
! Pogson magnitudes resulting from photon count integration (caracteristic of CCDs)
!
! HST ACS F606W F814W F435W F475W F555W WFC3
!
!        Teff    Logg   [M/H]   [a/H]        F606W        F814W        F435W        F475W        F555W        F225W        F275W        F336W        F390W
    3500.00     0.00    -2.00     0.00 -35.09924763 -36.65758371 -32.26051622 -33.27520705 -34.33863063 -26.99315708 -26.34440098 -29.53936452 -31.18670167
    3500.00     0.50    -2.00     0.00 -35.25687991 -36.71812726 -32.66703501 -33.58117383 -34.56994101 -27.08533874 -26.60021159 -30.10322343 -31.65007225
    3500.00     1.00    -2.00     0.00 -35.39187557 -36.77792410 -33.02732852 -33.84305379 -34.76199783 -27.18124256 -26.91006775 -30.69170998 -32.08698407
    3500.00     1.50    -2.00     0.00 -35.50074772 -36.83461625 -33.31451704 -34.04736643 -34.90940048 -27.27817263 -27.28060064 -31.24976396 -32.45538101
    3500.00     2.00    -2.00     0.00 -35.56780643 -36.88137889 -33.47548511 -34.15867594 -34.98860308 -27.36894519 -27.71704811 -31.67507056 -32.69573458
    3500.00     2.50    -2.00     0.00 -35.60659439 -36.91507431 -33.54453538 -34.20560740 -35.02452652 -27.46738955 -28.18635647 -31.93554375 -32.82513228
    3500.00     3.00    -2.00     0.00 -35.62952581 -36.93425329 -33.58195675 -34.22899678 -35.04372521 -27.55884601 -28.50004262 -32.08047661 -32.88228712
    3500.00     3.50    -2.00     0.00 -35.63999948 -36.94533371 -33.58233892 -34.22385413 -35.04526733 -27.61831593 -28.62854733 -32.12693152 -32.86134542
    3500.00     4.00    -2.00     0.00 -35.64300911 -36.95428915 -33.54759605 -34.19169544 -35.03159515 -27.63417972 -28.59549124 -32.08806981 -32.76358913
    3500.00     4.50    -2.00     0.00 -35.64483507 -36.96663228 -33.48996253 -34.14436331 -35.00971126 -27.61121819 -28.41383669 -31.98218879 -32.60121595
    3500.00     5.00    -2.00     0.00 -35.65150069 -36.98930279 -33.42215648 -34.09302620 -34.98303274 -27.56524392 -28.07499503 -31.81364891 -32.37992474
    3766.67     0.00    -2.00     0.00 -35.70747646 -37.08841780 -33.18336131 -34.10467696 -35.05730359 -27.50070081 -27.47227156 -30.80849711 -32.22152173
    3766.67     0.50    -2.00     0.00 -35.79206402 -37.09313737 -33.47794600 -34.31348044 -35.20096210 -27.56149310 -27.79181534 -31.24260691 -32.56712104
    3766.67     1.00    -2.00     0.00 -35.86630400 -37.10656867 -33.74126953 -34.49168238 -35.31968080 -27.63744617 -28.12768717 -31.71245994 -32.89812075
    3766.67     1.50    -2.00     0.00 -35.93549102 -37.13121690 -33.96470313 -34.64078551 -35.41956953 -27.74011357 -28.52847932 -32.18226040 -33.19286691
    3766.67     2.00    -2.00     0.00 -35.99660356 -37.16466614 -34.13520063 -34.75528063 -35.49842995 -27.87605519 -28.97107262 -32.58376600 -33.42658504
    3766.67     2.50    -2.00     0.00 -36.04059302 -37.20517826 -34.22410276 -34.81615000 -35.54380141 -28.05050221 -29.40570185 -32.84345715 -33.56938187
    3766.67     3.00    -2.00     0.00 -36.07342727 -37.24303104 -34.26924698 -34.84807984 -35.57101788 -28.26891804 -29.79320341 -33.00498289 -33.65867258
    3766.67     3.50    -2.00     0.00 -36.09192746 -37.26525963 -34.28763427 -34.85869856 -35.58246422 -28.46365459 -30.03224368 -33.08318494 -33.69429946
    3766.67     4.00    -2.00     0.00 -36.10625753 -37.28288657 -34.29093097 -34.85765625 -35.58801033 -28.59138798 -30.13054852 -33.10384316 -33.68360338
    3766.67     4.50    -2.00     0.00 -36.11471198 -37.29699968 -34.26948352 -34.83700372 -35.58259378 -28.63196805 -30.09362506 -33.06222482 -33.61403308
    3766.67     5.00    -2.00     0.00 -36.12266539 -37.31322267 -34.22836764 -34.80274338 -35.57138163 -28.59271687 -29.93567798 -32.96976154 -33.48764436
    4033.33     0.00    -2.00     0.00 -36.30379928 -37.52135897 -34.11094928 -34.91289982 -35.75416003 -28.16721273 -29.07031165 -32.14895873 -33.30220475
    4033.33     0.50    -2.00     0.00 -36.36043718 -37.50842574 -34.34633171 -35.07908087 -35.86106519 -28.30291114 -29.49568966 -32.55337470 -33.59488369
    4033.33     1.00    -2.00     0.00 -36.39905528 -37.49548728 -34.54366696 -35.20933597 -35.93786218 -28.49014653 -29.96130009 -32.96681587 -33.85883117
    4033.33     1.50    -2.00     0.00 -36.42514507 -37.48665545 -34.69543290 -35.30329524 -35.98938234 -28.73566554 -30.43078274 -33.33919306 -34.07212225
    4033.33     2.00    -2.00     0.00 -36.44555177 -37.48479680 -34.80483489 -35.36753435 -36.02403155 -29.02029142 -30.84121287 -33.63209732 -34.22806924
    4033.33     2.50    -2.00     0.00 -36.46801514 -37.49679181 -34.87732748 -35.40948997 -36.05046924 -29.29379503 -31.13145496 -33.82545574 -34.32868978
    4033.33     3.00    -2.00     0.00 -36.49141068 -37.52568160 -34.91048851 -35.42975155 -36.06798645 -29.55204958 -31.34003081 -33.92430247 -34.38371573
    4033.33     3.50    -2.00     0.00 -36.51712324 -37.56083288 -34.92856367 -35.44281999 -36.08449525 -29.75164487 -31.46357138 -33.97380533 -34.41773919
    4033.33     4.00    -2.00     0.00 -36.53645231 -37.58794496 -34.93811053 -35.44890938 -36.09511693 -29.91629232 -31.54221958 -33.99395087 -34.43336192
    4033.33     4.50    -2.00     0.00 -36.54778972 -37.60606166 -34.93523059 -35.44310992 -36.09670115 -30.01754781 -31.55544334 -33.97744049 -34.41827123
    4033.33     5.00    -2.00     0.00 -36.55556641 -37.62064831 -34.91859278 -35.42574072 -36.09186914 -30.03434872 -31.49015986 -33.92593800 -34.36535164
    4300.00     0.00    -2.00     0.00 -36.81511412 -37.88635457 -34.95410891 -35.62196013 -36.35203259 -29.11037077 -30.63300348 -33.41067503 -34.32384016
    4300.00     0.50    -2.00     0.00 -36.85058618 -37.86850150 -35.12150453 -35.73943501 -36.42394076 -29.35000851 -31.05189052 -33.75438714 -34.54034016
    4300.00     1.00    -2.00     0.00 -36.87470366 -37.85071281 -35.26473408 -35.83491553 -36.47753245 -29.67426220 -31.52344486 -34.09955542 -34.73723593
    4300.00     1.50    -2.00     0.00 -36.88968494 -37.83604203 -35.37541928 -35.90524961 -36.51379965 -30.06967781 -31.99566073 -34.40464150 -34.89704006
    4300.00     2.00    -2.00     0.00 -36.89879050 -37.82570999 -35.45437072 -35.95293298 -36.53648520 -30.49103770 -32.40349768 -34.64195686 -35.01354570
    4300.00     2.50    -2.00     0.00 -36.90595549 -37.82193416 -35.50496798 -35.98192392 -36.55025673 -30.86701381 -32.69569458 -34.79847638 -35.08633389
    4300.00     3.00    -2.00     0.00 -36.91414941 -37.82733198 -35.53271346 -35.99618504 -36.55823793 -31.14906943 -32.85771142 -34.87809863 -35.12262821
    4300.00     3.50    -2.00     0.00 -36.92501962 -37.84607770 -35.53742634 -35.99686927 -36.56181811 -31.32922940 -32.91278913 -34.88995997 -35.12867449
    4300.00     4.00    -2.00     0.00 -36.93735992 -37.86963012 -35.53216994 -35.99253421 -36.56450718 -31.42992243 -32.90277681 -34.86428903 -35.12047102
    4300.00     4.50    -2.00     0.00 -36.94824720 -37.89042894 -35.52562728 -35.98675346 -36.56602393 -31.47996212 -32.86269294 -34.82606695 -35.10678198
    4300.00     5.00    -2.00     0.00 -36.95650233 -37.90664041 -35.51824216 -35.97833119 -36.56490490 -31.48404608 -32.79722079 -34.77991751 -35.08428207
    4566.67     0.00    -2.00     0.00 -37.25467697 -38.18685816 -35.71981183 -36.25319431 -36.87010100 -30.28627576 -32.03132171 -34.53911730 -35.26282490
    4566.67     0.50    -2.00     0.00 -37.26926899 -38.16795738 -35.82164042 -36.32131635 -36.90704750 -30.60140010 -32.42581591 -34.82251778 -35.40555045
    4566.67     1.00    -2.00     0.00 -37.27874526 -38.14988594 -35.90740789 -36.37700794 -36.93520389 -30.99782730 -32.85759881 -35.09213960 -35.53101146
    4566.67     1.50    -2.00     0.00 -37.28433142 -38.13455298 -35.97402084 -36.41917418 -36.95511102 -31.44432919 -33.27676643 -35.32672539 -35.63241896
    4566.67     2.00    -2.00     0.00 -37.28754906 -38.12308807 -36.02128611 -36.44856729 -36.96831198 -31.87801676 -33.62959367 -35.50705161 -35.70506969
    4566.67     2.50    -2.00     0.00 -37.29039241 -38.11694049 -36.05077304 -36.46685762 -36.97675295 -32.24119424 -33.88268005 -35.62485390 -35.74803179
    4566.67     3.00    -2.00     0.00 -37.29453378 -38.11730101 -36.06587507 -36.47646682 -36.98242430 -32.50556656 -34.02937823 -35.68470753 -35.76578040
    4566.67     3.50    -2.00     0.00 -37.30031649 -38.12449585 -36.07055273 -36.47908907 -36.98565406 -32.66214572 -34.07672072 -35.69770747 -35.76532246
    4566.67     4.00    -2.00     0.00 -37.30782589 -38.13921118 -36.06576652 -36.47560667 -36.98686421 -32.72979211 -34.05348616 -35.67576305 -35.75232434
    4566.67     4.50    -2.00     0.00 -37.31607435 -38.15673262 -36.05531640 -36.46910792 -36.98749686 -32.73263235 -33.98610220 -35.62802916 -35.73034389
    4566.67     5.00    -2.00     0.00 -37.32384910 -38.17299997 -36.04515502 -36.46230413 -36.98769215 -32.69701376 -33.89782852 -35.57133741 -35.70547956
    4833.33     0.00    -2.00     0.00 -37.62935501 -38.43702302 -36.38149451 -36.79858712 -37.31105284 -31.49088737 -33.23875489 -35.45131004 -36.05710795
    4833.33     0.50    -2.00     0.00 -37.62870227 -38.41747263 -36.44044709 -36.83277549 -37.32320934 -31.87553350 -33.62417793 -35.70306603 -36.15474810
    4833.33     1.00    -2.00     0.00 -37.62578505 -38.39966812 -36.48515455 -36.85774251 -37.33062376 -32.32208100 -34.02062989 -35.93206632 -36.23431855
    4833.33     1.50    -2.00     0.00 -37.62229980 -38.38483156 -36.51669188 -36.87500871 -37.33506379 -32.78172649 -34.39021592 -36.12600587 -36.29478608
    4833.33     2.00    -2.00     0.00 -37.61911582 -38.37350745 -36.53581932 -36.88556712 -37.33753050 -33.19382530 -34.69328787 -36.27351351 -36.33433799
    4833.33     2.50    -2.00     0.00 -37.61804725 -38.36713331 -36.54489878 -36.89137372 -37.33974832 -33.51567614 -34.90775067 -36.36853616 -36.35368121
    4833.33     3.00    -2.00     0.00 -37.61997545 -38.36647753 -36.54616932 -36.89394186 -37.34270800 -33.73261463 -35.02892788 -36.41400246 -36.35490693
    4833.33     3.50    -2.00     0.00 -37.62468952 -38.37148218 -36.54210276 -36.89412010 -37.34623135 -33.85322062 -35.06911538 -36.42026713 -36.34265608
    4833.33     4.00    -2.00     0.00 -37.63101535 -38.38153523 -36.53499324 -36.89199504 -37.34900265 -33.89812283 -35.05010202 -36.40169524 -36.32384852
    4833.33     4.50    -2.00     0.00 -37.63814369 -38.39503727 -36.52494145 -36.88762471 -37.35094296 -33.88359187 -34.98873945 -36.36343648 -36.30035551
    4833.33     5.00    -2.00     0.00 -37.64556764 -38.40950313 -36.51410023 -36.88265492 -37.35270356 -33.82906987 -34.90260366 -36.31244702 -36.27429190
    5100.00     0.00    -2.00     0.00 -37.95055242 -38.65317608 -36.93268208 -37.25973355 -37.68516612 -32.61256168 -34.22725695 -36.13943945 -36.69683310
    5100.00     0.50    -2.00     0.00 -37.94061779 -38.63387188 -36.96248060 -37.27160712 -37.68179104 -33.03189713 -34.59361764 -36.36832494 -36.76148748
    5100.00     1.00    -2.00     0.00 -37.93008115 -38.61663270 -36.98229139 -37.27757738 -37.67627402 -33.49081762 -34.96009305 -36.57666870 -36.81333308
    5100.00     1.50    -2.00     0.00 -37.91945937 -38.60175296 -36.99184370 -37.27785799 -37.66914998 -33.93838203 -35.29484172 -36.75327674 -36.85032433
    5100.00     2.00    -2.00     0.00 -37.90993680 -38.58982328 -36.99266609 -37.27404230 -37.66181190 -34.32579840 -35.57077138 -36.89216180 -36.87241330
    5100.00     2.50    -2.00     0.00 -37.90340238 -38.58207386 -36.98734990 -37.26855012 -37.65634956 -34.61782153 -35.76799786 -36.98866066 -36.88054406
    5100.00     3.00    -2.00     0.00 -37.90140049 -38.57976454 -36.97846940 -37.26343907 -37.65436835 -34.80386177 -35.88044967 -37.04115005 -36.87595845
    5100.00     3.50    -2.00     0.00 -37.90441995 -38.58378577 -36.96717074 -37.25925807 -37.65605877 -34.89445353 -35.91726961 -37.05362284 -36.85993388
    5100.00     4.00    -2.00     0.00 -37.91078725 -38.59291518 -36.95517644 -37.25582759 -37.65981339 -34.91389642 -35.89898887 -37.03899250 -36.83694633
    5100.00     4.50    -2.00     0.00 -37.91860199 -38.60539081 -36.94310765 -37.25228852 -37.66381288 -34.88634735 -35.84620563 -37.00861758 -36.81127586
    5100.00     5.00    -2.00     0.00 -37.92663156 -38.61897693 -36.93174163 -37.24881784 -37.66754594 -34.82821328 -35.77277727 -36.96863158 -36.78538511
    5366.67     0.00    -2.00     0.00 -38.23217949 -38.84470256 -37.40015590 -37.65716783 -38.01021504 -33.59060058 -35.02169291 -36.65856522 -37.22347553
    5366.67     0.50    -2.00     0.00 -38.21737046 -38.82739783 -37.40717208 -37.65304672 -37.99741203 -34.00774680 -35.35769315 -36.86410646 -37.25898780
    5366.67     1.00    -2.00     0.00 -38.20224747 -38.81139665 -37.40794006 -37.64530565 -37.98350251 -34.44772756 -35.69112727 -37.05524802 -37.28730379
    5366.67     1.50    -2.00     0.00 -38.18691802 -38.79677987 -37.40176182 -37.63367670 -37.96852569 -34.86590250 -35.99576586 -37.22163608 -37.30627325
    5366.67     2.00    -2.00     0.00 -38.17227118 -38.78388977 -37.38992545 -37.61945705 -37.95358879 -35.22561908 -36.25278934 -37.35871786 -37.31607662
    5366.67     2.50    -2.00     0.00 -38.15991611 -38.77387316 -37.37444948 -37.60463294 -37.94048432 -35.50126377 -36.44661721 -37.46467879 -37.31762562
    5366.67     3.00    -2.00     0.00 -38.15195678 -38.76824746 -37.35812927 -37.59176038 -37.93143667 -35.68254345 -36.57009497 -37.53661898 -37.31239746
    5366.67     3.50    -2.00     0.00 -38.15021609 -38.76898019 -37.34237014 -37.58230392 -37.92803078 -35.77017945 -36.62198603 -37.57216148 -37.30005788
    5366.67     4.00    -2.00     0.00 -38.15433078 -38.77588809 -37.32791781 -37.57637376 -37.92984294 -35.78296480 -36.61600854 -37.57603051 -37.28129711
    5366.67     4.50    -2.00     0.00 -38.16225591 -38.78782526 -37.31420528 -37.57232887 -37.93452688 -35.74778495 -36.57246512 -37.55787431 -37.25789712
    5366.67     5.00    -2.00     0.00 -38.17139851 -38.80180287 -37.30204900 -37.56946780 -37.94000692 -35.68711301 -36.50955633 -37.52864061 -37.23349894
    5633.33     0.00    -2.00     0.00 -38.48421968 -39.01653494 -37.80863120 -38.00888234 -38.29952533 -34.42198219 -35.66453302 -37.05912440 -37.67285610
    5633.33     0.50    -2.00     0.00 -38.46770522 -39.00277534 -37.79804978 -37.99342356 -38.28154089 -34.81248468 -35.96446257 -37.24169719 -37.68356453
    5633.33     1.00    -2.00     0.00 -38.45057033 -38.98911563 -37.78390606 -37.97576879 -38.26273445 -35.21900258 -36.26514255 -37.41790515 -37.69165453
    5633.33     1.50    -2.00     0.00 -38.43267533 -38.97570191 -37.76501439 -37.95522138 -38.24280320 -35.60097028 -36.54242610 -37.57672718 -37.69459876
    5633.33     2.00    -2.00     0.00 -38.41460566 -38.96275988 -37.74242183 -37.93272784 -38.22244737 -35.93186962 -36.78205791 -37.71331851 -37.69254426
    5633.33     2.50    -2.00     0.00 -38.39760623 -38.95114354 -37.71797485 -37.90999470 -38.20310372 -36.19463734 -36.97425179 -37.82672897 -37.68662804
    5633.33     3.00    -2.00     0.00 -38.38373755 -38.94223473 -37.69403390 -37.88932817 -38.18694866 -36.37886384 -37.11148857 -37.91561937 -37.67820602
    5633.33     3.50    -2.00     0.00 -38.37551737 -38.93838266 -37.67305718 -37.87327823 -38.17651043 -36.47985553 -37.18777745 -37.97681329 -37.66815956
    5633.33     4.00    -2.00     0.00 -38.37422145 -38.94077705 -37.65596542 -37.86282329 -38.17289938 -36.50824778 -37.20837423 -38.00803865 -37.65553475
    5633.33     4.50    -2.00     0.00 -38.37944085 -38.94996044 -37.64177239 -37.85701737 -38.17527913 -36.48098446 -37.18404026 -38.01193899 -37.63895514
    5633.33     5.00    -2.00     0.00 -38.38818886 -38.96324379 -37.62968536 -37.85387527 -38.18069860 -36.42336014 -37.13409286 -37.99820978 -37.61978065
    5900.00     0.00    -2.00     0.00 -38.71253402 -39.17127373 -38.17501492 -38.32664044 -38.56099644 -35.12360301 -36.19077415 -37.37830828 -38.06965052
    5900.00     0.50    -2.00     0.00 -38.69719618 -39.16256692 -38.15026338 -38.30347642 -38.54154508 -35.47326162 -36.45206589 -37.53832382 -38.05803694
    5900.00     1.00    -2.00     0.00 -38.68000892 -39.15230692 -38.12453834 -38.27878443 -38.52038528 -35.83975104 -36.72112112 -37.70078552 -38.04885436
    5900.00     1.50    -2.00     0.00 -38.66119755 -39.14103779 -38.09557472 -38.25167244 -38.49759928 -36.18658442 -36.97486587 -37.85352032 -38.03776860
    5900.00     2.00    -2.00     0.00 -38.64113853 -39.12897690 -38.06381146 -38.22258839 -38.47357776 -36.49142517 -37.20021213 -37.99049847 -38.02447415
    5900.00     2.50    -2.00     0.00 -38.62091921 -39.11683314 -38.03101763 -38.19309106 -38.44955644 -36.74161268 -37.38961641 -38.10964357 -38.01008078
    5900.00     3.00    -2.00     0.00 -38.60240678 -39.10593899 -37.99898768 -38.16508319 -38.42749655 -36.92807442 -37.53676580 -38.21043512 -37.99566928
    5900.00     3.50    -2.00     0.00 -38.58789942 -39.09811078 -37.97086084 -38.14144865 -38.40988059 -37.04763014 -37.63704624 -38.29086662 -37.98321753
    5900.00     4.00    -2.00     0.00 -38.57981091 -39.09540872 -37.94841910 -38.12427774 -38.39906337 -37.10057973 -37.68755100 -38.34776925 -37.97255180
    5900.00     4.50    -2.00     0.00 -38.57968235 -39.09991721 -37.93177986 -38.11417128 -38.39617012 -37.09441559 -37.69052113 -38.37776206 -37.96165573
    5900.00     5.00    -2.00     0.00 -38.58555166 -39.11046504 -37.91929035 -38.10918651 -38.39903913 -37.05053362 -37.66077667 -38.38478926 -37.94894471
    6166.67     0.00    -2.00     0.00 -37.59773474 -38.03205810 -37.10320945 -37.24017313 -37.45679529 -34.14033906 -35.16033420 -36.28787899 -37.00643278
    6166.67     0.50    -2.00     0.00 -38.90826700 -39.30780198 -38.47383394 -38.58945455 -38.78075459 -36.02290795 -36.85296989 -37.78226018 -38.39839112
    6166.67     1.00    -2.00     0.00 -38.89322740 -39.30218663 -38.43825174 -38.56001453 -38.75996731 -36.34845761 -37.09224631 -37.93095868 -38.37264988
    6166.67     1.50    -2.00     0.00 -38.87490897 -39.29394025 -38.40151352 -38.52833850 -38.73603820 -36.66216132 -37.32503443 -38.07747187 -38.34927575
    6166.67     2.00    -2.00     0.00 -38.85417599 -39.28368247 -38.36231107 -38.49431295 -38.70990444 -36.94397637 -37.53859552 -38.21459606 -38.32571456
    6166.67     2.50    -2.00     0.00 -38.83197129 -39.27211802 -38.32210354 -38.45915934 -38.68252343 -37.18246464 -37.72518135 -38.33867423 -38.30276548
    6166.67     3.00    -2.00     0.00 -38.81006241 -39.26036998 -38.28253863 -38.42477591 -38.65585748 -37.37059003 -37.87979625 -38.44836792 -38.28135865
    6166.67     3.50    -2.00     0.00 -38.79046103 -39.24992064 -38.24659623 -38.39378227 -38.63208128 -37.50535658 -37.99843961 -38.54224094 -38.26341739
    6166.67     4.00    -2.00     0.00 -38.77610110 -39.24327443 -38.21666672 -38.36890369 -38.61417254 -37.58186392 -38.07458753 -38.61852584 -38.25017399
    6166.67     4.50    -2.00     0.00 -38.76889201 -39.24227148 -38.19446808 -38.35189358 -38.60388984 -37.60507755 -38.10869622 -38.67266195 -38.24083432
    6166.67     5.00    -2.00     0.00 -38.76958005 -39.24821353 -38.17898148 -38.34247570 -38.60167323 -37.58325545 -38.10444534 -38.70246334 -38.23247777
