2.000000000000000164e-05 1.091540485653543783e+03
2.066869842267550072e-05 1.126650403148479199e+03
2.135975472437544027e-05 1.162869582666414090e+03
2.207391643902171255e-05 1.200261008215068614e+03
2.281195609427394449e-05 1.238871217026313616e+03
2.357467204719313169e-05 1.278698876926500134e+03
2.436288934784564352e-05 1.319816307482641150e+03
2.517746063178175121e-05 1.362276922166129907e+03
2.601926704235410016e-05 1.406063357366479977e+03
2.688921918387384303e-05 1.451276052465622570e+03
2.778825810663545582e-05 1.497971357984258930e+03
2.871735632487579741e-05 1.546122366845049783e+03
2.967751886876853870e-05 1.595830278439965696e+03
3.066978437159193627e-05 1.647142450295900517e+03
3.169522619324599853e-05 1.700138853307000545e+03
3.275495358133433647e-05 1.754773705768808668e+03
3.385011287106671010e-05 1.811240432369502059e+03
3.498188872528021299e-05 1.869486091028936926e+03
3.615150541592045298e-05 1.929543560504498600e+03
3.736022814836899319e-05 1.991610503040332787e+03
3.860936443004954884e-05 2.055648113440002362e+03
3.990026548479344494e-05 2.121744723217721003e+03
4.123432771449419843e-05 2.189976597980565202e+03
4.261299420963254024e-05 2.260401018894271601e+03
4.403775631030562105e-05 2.333063657599502676e+03
4.551015521944909301e-05 2.408081555579434735e+03
4.703178366999723984e-05 2.485522464568985015e+03
4.860428764778435972e-05 2.565439217283445032e+03
5.022936817205134787e-05 2.647915411185930679e+03
5.190878313548323190e-05 2.733117111051217307e+03
5.364434920576834987e-05 2.820936933421901813e+03
5.543794379073590958e-05 2.911649125192175234e+03
5.729150706919781900e-05 3.005251414723413291e+03
5.920704408969155763e-05 3.101881631823280259e+03
6.118662693939432690e-05 3.201620963578332521e+03
6.323239698555469304e-05 3.304591891873435998e+03
6.534656719186627638e-05 3.410779657254732683e+03
6.753142451228926792e-05 3.520471698877085146e+03
6.978933236490913268e-05 3.633660641337869492e+03
7.212273318850868345e-05 3.750496652397587241e+03
7.453415108461877573e-05 3.871041888194317835e+03
7.702619454790587906e-05 3.995493733566374885e+03
7.960155928784993205e-05 4.123922576170756656e+03
8.226303114476471348e-05 4.256556768841364828e+03
8.501348910331518868e-05 4.393384485236923865e+03
8.785590840679157983e-05 4.534491521336553888e+03
9.079336377550881697e-05 4.680361156476746146e+03
9.382903273281309529e-05 4.830809915079368693e+03
9.696619904229312483e-05 4.985995868362665533e+03
1.002082562599141270e-04 5.146255146573427737e+03
1.035587114049174785e-04 5.311823901644174839e+03
1.070211887534562421e-04 5.482394268007136816e+03
1.105994337590709140e-04 5.658631826497581642e+03
1.142973171042456330e-04 5.840460405027429260e+03
1.181188388874281471e-04 6.028184620858589369e+03
1.220681329500424115e-04 6.221998561294853971e+03
1.261494713481742377e-04 6.421814964948903253e+03
1.303672689737678670e-04 6.628180346561117403e+03
1.347260883303314362e-04 6.841053510958415245e+03
1.392306444683180742e-04 7.060873345457070172e+03
1.438858100855209437e-04 7.287672722045662340e+03
1.486966207979997041e-04 7.521791653042393591e+03
1.536682805872396744e-04 7.763425495228399086e+03
1.588061674294368483e-04 8.012672410033089363e+03
1.641158391129971276e-04 8.270009733470655192e+03
1.696030392505434848e-04 8.535566625202558498e+03
1.752737034919339915e-04 8.809791947446892664e+03
1.811339659450114388e-04 9.092589091179152092e+03
1.871901658110307874e-04 9.384464618864401928e+03
1.934488542419408646e-04 9.685660042805466219e+03
1.999168014269393128e-04 9.996523481500074922e+03
2.066010039159656652e-04 1.031738540492562424e+04
2.135086921880547338e-04 1.064828657992414264e+04
2.206473384727377968e-04 1.098999834687034308e+04
2.280246648329511538e-04 1.134250257922913988e+04
2.356486515181963309e-04 1.170619947341836087e+04
2.435275455969876748e-04 1.208173712320658342e+04
2.516698698779247295e-04 1.246898509846325396e+04
2.600844321290405573e-04 1.286880017314546058e+04
2.687803346053976817e-04 1.328094396961655548e+04
2.777669838952388651e-04 1.370664960041555241e+04
2.870541010953427292e-04 1.414567957573098647e+04
2.966517323265922064e-04 1.459857136543382330e+04
3.065702596011295341e-04 1.506577497393524936e+04
3.168204120528543403e-04 1.554797050015000787e+04
3.274132775434116785e-04 1.604568114078119834e+04
3.383603146562264279e-04 1.655878308105299220e+04
3.496733650915567022e-04 1.708832703281345675e+04
3.613646664759745386e-04 1.763438985900179614e+04
3.734468656001317080e-04 1.819780684589515658e+04
3.859330320991275886e-04 1.877903107347265177e+04
3.988366725902805230e-04 1.937847601188344197e+04
4.121717452835938129e-04 1.999675684573146282e+04
4.259526750807212541e-04 2.063444780954374073e+04
4.401943691787655547e-04 2.129216108769956554e+04
4.549122331957894719e-04 2.197046123223029281e+04
4.701221878354804149e-04 2.267015932024921494e+04
4.858406861089974399e-04 2.339136199454528833e+04
5.020847311326308640e-04 2.413501257264823289e+04
5.188718945205230424e-04 2.490179000066226581e+04
5.362203353923492141e-04 2.569259900528313665e+04
5.541488200165187389e-04 2.650819065626300289e+04
5.726767421101455150e-04 2.734894380952835490e+04
5.918241438177454907e-04 2.821524878765131507e+04
6.116117373913557359e-04 2.910844943198522014e+04
6.320609275955268004e-04 3.002895539432951773e+04
6.531938348614238542e-04 3.097752312600816367e+04
6.750333192150836329e-04 3.195556330186319610e+04
6.976030050057104547e-04 3.296252207785853534e+04
7.209273064607610694e-04 3.400091946040011680e+04
7.450314540954613768e-04 3.507073091914115503e+04
7.699415220053250396e-04 3.617234259719290276e+04
7.956844560711916160e-04 3.730770225646925246e+04
8.222881031073025473e-04 3.847702249427686183e+04
8.497812409839368810e-04 3.968159159852738230e+04
8.781936097571961097e-04 4.092173268738629122e+04
9.075559438396131216e-04 4.219828437787922303e+04
9.379000052463793693e-04 4.351291142093635426e+04
9.692586179531593148e-04 4.486640576700368547e+04
1.001665703402655023e-03 4.625984660006647027e+04
1.035156317198330069e-03 4.769313726112799486e+04
1.069766687024985286e-03 4.916837664205484907e+04
1.105534251837205851e-03 5.068699386985399906e+04
1.142497702358069404e-03 5.224863150437047443e+04
1.180697022931930960e-03 5.385623513002986147e+04
1.220173534776542454e-03 5.550831151321921789e+04
1.260969940681316284e-03 5.720640573641893570e+04
1.303130371200056587e-03 5.895422158163437416e+04
1.346700432388157767e-03 6.074962177684270137e+04
1.391727255135877424e-03 6.259552062535606819e+04
1.438259546151070007e-03 6.449218115301716898e+04
1.486347640646530459e-03 6.644048969907386345e+04
1.536043556788919398e-03 6.844034084154521406e+04
1.587401051968200579e-03 7.049739179004954349e+04
1.640475680948428249e-03 7.260505856291422970e+04
1.695324855962815390e-03 7.477060736272395297e+04
1.752007908818060174e-03 7.699366970976055018e+04
1.810586155075142928e-03 7.927305726869199134e+04
1.871122960375984270e-03 8.161142261427886842e+04
1.933683808987751848e-03 8.400853195769147715e+04
1.998336374638913938e-03 8.646514247355540283e+04
2.065150593723721201e-03 8.898293386534384626e+04
2.134198740954243185e-03 9.156261349475782481e+04
2.205555507541849362e-03 9.420469858360700891e+04
2.279298081992675151e-03 9.690781908096383268e+04
2.355506233604463730e-03 9.967490208935079863e+04
2.434262398755145627e-03 1.025052520225472108e+05
2.515651770076436904e-03 1.053989716794288252e+05
2.599762388608985089e-03 1.083589642843249749e+05
2.686685239038679764e-03 1.113825101982874185e+05
2.776514348117217236e-03 1.144672235895828926e+05
2.869346886373309435e-03 1.176189474250721250e+05
2.965283273224645581e-03 1.208337001265265717e+05
3.064427285604211931e-03 1.241131962427191756e+05
3.166886170218578649e-03 1.274568475424901553e+05
3.272770759559481216e-03 1.308604494447257748e+05
3.382195591794276077e-03 1.343295222545414290e+05
3.495279034664920681e-03 1.378570640538114531e+05
3.612143413529477973e-03 1.414448819994560035e+05
3.732915143684721951e-03 1.450945257322649995e+05
3.857724867112893516e-03 1.487995936969610339e+05
3.986707593800617976e-03 1.525602578255938133e+05
4.120002847782761740e-03 1.563723688770254375e+05
4.257754818069308354e-03 1.602380972241026466e+05
4.400112514618404608e-03 1.641519511367454543e+05
4.547229929524409554e-03 1.681138763072136207e+05
4.699266203595197679e-03 1.721210526818789949e+05
4.856385798499019031e-03 1.761636129045692505e+05
5.018758674667020935e-03 1.802449622047900048e+05
5.186560475143959549e-03 1.843555023007216514e+05
5.359972715585955248e-03 1.884994578427926754e+05
5.539182980610755057e-03 1.926661047599068552e+05
5.724385126713026593e-03 1.968471570834759623e+05
5.915779491964028892e-03 2.010464491413474898e+05
6.113573112722652143e-03 2.052496274007576285e+05
6.317979947592099882e-03 2.094561387637292501e+05
6.529221108864616957e-03 2.136534857971128076e+05
6.747525101704480652e-03 2.178390818443868193e+05
6.973128071328140755e-03 2.220020788741712167e+05
7.206274058448705437e-03 2.261382473016055883e+05
7.447215263261310406e-03 2.302345494535761827e+05
7.696212318254701257e-03 2.342826257265113236e+05
7.953534570144332738e-03 2.382692181385617878e+05
8.219460371231864307e-03 2.421915131888639880e+05
8.494277380506187053e-03 2.460319361184460577e+05
8.778282874811823774e-03 2.497790088621309842e+05
9.071784070421121463e-03 2.534242235161382123e+05
9.375098455358292851e-03 2.569481076945855748e+05
9.688554132834568261e-03 2.603367157365640742e+05
1.001249017616620725e-02 2.635814818474407657e+05
1.034725699555901803e-02 2.666598082004662720e+05
1.069321671715643858e-02 2.695612162174869445e+05
1.105074357476093505e-02 2.722634278161348193e+05
1.142022431465263173e-02 2.747500646605268703e+05
1.180205861394306721e-02 2.770046995099433698e+05
1.219665951291643881e-02 2.790108509049137938e+05
1.260445386182631328e-02 2.807332974946376053e+05
1.302588278263077520e-02 2.821720497375429841e+05
1.346140214616583890e-02 2.832887744283615611e+05
1.391148306527291781e-02 2.840728763376096613e+05
1.437661240441416924e-02 2.845017631315850304e+05
1.485729330632660182e-02 2.845460653571851435e+05
1.535404573628500365e-02 2.841947463271453162e+05
1.586740704456205894e-02 2.834154827126978198e+05
1.639793254769450481e-02 2.822007049864586443e+05
1.694619612918364313e-02 2.805140141394448001e+05
1.751279086028037155e-02 2.783459323705496499e+05
1.809832964152614798e-02 2.756751199197183014e+05
1.870344586574363213e-02 2.724835739871975384e+05
1.932879410319460894e-02 2.687616750933761359e+05
1.997505080964588620e-02 2.644990019047698588e+05
2.064291505810955316e-02 2.596759806268632237e+05
2.133310929504865505e-02 2.542930197546875570e+05
2.204638012186681956e-02 2.483517961164858425e+05
2.278349910252664909e-02 2.418436165972911695e+05
2.354526359817107548e-02 2.347943667058569554e+05
2.433249762964985810e-02 2.272088527433582931e+05
2.514605276888498206e-02 2.191015377677809447e+05
2.598680906003840441e-02 2.105002800101290923e+05
2.685567597147924673e-02 2.014448337741687719e+05
2.775359337957988490e-02 1.919697812532534590e+05
2.868153258540498754e-02 1.821289781866653357e+05
2.964049736539381419e-02 1.719698906124198984e+05
3.063152505717161092e-02 1.615587157148703700e+05
3.165568768166540647e-02 1.509647982049834682e+05
3.271409310273729054e-02 1.402564707847719837e+05
3.380788622559029871e-02 1.295234704439726484e+05
3.493825023524253087e-02 1.188547530034435331e+05
3.610640787640997940e-02 1.083242133262149146e+05
3.731362277618164441e-02 9.803910890033356554e+04
3.856120081091872487e-02 8.809106154766576947e+04
3.985049151885547425e-02 7.856234493766927335e+04
4.118288955993056055e-02 6.955599171795404982e+04
4.255983622442782027e-02 6.115269840080814174e+04
4.398282099205792772e-02 5.343580710895905213e+04
4.545338314316834522e-02 4.648076448200633604e+04
4.697311342382341770e-02 4.035911294986919529e+04
4.854365576655684383e-02 3.511957977176391432e+04
5.016670906865677154e-02 3.080519815895077409e+04
5.184402902990837420e-02 2.745323774713458261e+04
5.357743005178047802e-02 2.507055330574336040e+04
5.536878720011212396e-02 2.364310152989692506e+04
5.722003823342062395e-02 2.312895937394220164e+04
5.913318569902666078e-02 2.346098586278680887e+04
6.111029909926251474e-02 2.453463148549788821e+04
6.315351713010779189e-02 2.619980720652833770e+04
6.526504999467336310e-02 2.827308697314947494e+04
6.744718179403717817e-02 3.052585735971549730e+04
6.970227299801623477e-02 3.270408505597552721e+04
7.203276299854979858e-02 3.452622827267170942e+04
7.444117274845411802e-02 3.572527390310917690e+04
7.693010748840443946e-02 3.605256394967743108e+04
7.950225956509210379e-02 3.530761172023259860e+04
8.216041134360790865e-02 3.338306406142933702e+04
8.490743821719984319e-02 3.026280235862292102e+04
8.774631171766281157e-02 2.604999374177484424e+04
9.068010272972255870e-02 2.095750995605640856e+04
9.371198481289348681e-02 1.530620141184416025e+04
9.684523763440215649e-02 9.471053235787325320e+03
1.000832505168899600e-01 3.872791905846219379e+03
1.034295261047340625e-01 -1.067615694347871568e+03
1.068876841529496080e-01 -4.970466141153616263e+03
1.104614654427753945e-01 -7.523706624258883494e+03
1.141547358281756464e-01 -8.521397042212051019e+03
1.179714904176376727e-01 -7.912354543031124194e+03
1.219158578957853512e-01 -5.835727440623430994e+03
1.259921049894874856e-01 -2.664932914125975003e+03
1.302046410832891354e-01 1.008473943884568257e+03
1.345580229891604751e-01 4.444709285965064737e+03
1.390569598757198100e-01 6.903723308796914353e+03
1.437063183622670492e-01 7.821145872344923191e+03
1.485111277831346888e-01 6.984424575106069824e+03
1.534765856280515817e-01 4.595306973201053552e+03
1.586080631644066208e-01 1.226512207688997705e+03
1.639111112474894438e-01 -2.320158355973016569e+03
1.693914663249987407e-01 -5.220255182347482332e+03
1.750550566423093313e-01 -6.807520322760809904e+03
1.809080086552135869e-01 -6.736663798762622719e+03
1.869566536570689830e-01 -5.127713644674722673e+03
1.932075346275276828e-01 -2.602862312005063359e+03
1.996674133102498971e-01 -1.306886120768727437e+02
2.063432775272630582e-01 1.329876520390612541e+03
2.132423487378718452e-01 1.270154228641285044e+03
2.203720898503036263e-01 -1.322221376579698244e+02
2.277402132945338109e-01 -2.116348330161358717e+03
2.353546893650253491e-01 -3.725472271668775647e+03
2.432237548424092122e-01 -4.235947751284612423e+03
2.513559219034258718e-01 -3.504971830808727191e+03
2.597599873287743666e-01 -2.058448603068251032e+03
2.684450420188219666e-01 -8.153720134948938494e+02
2.774204808274743361e-01 -4.898337230874673196e+02
2.866960127248350254e-01 -1.112931054574555446e+03
2.962816712996577673e-01 -2.063211413285420804e+03
3.061878256129444420e-01 -2.574187516054442767e+03
3.164251914144354805e-01 -2.306487112581500696e+03
3.270048427341168962e-01 -1.576841027139733114e+03
3.379382238612947953e-01 -1.045444992288297271e+03
3.492371617241852855e-01 -1.088973158113629097e+03
3.609138786834163448e-01 -1.478040026572740771e+03
3.729810057532814693e-01 -1.693970347590651272e+03
3.854515962650386651e-01 -1.501531396372475228e+03
3.983391399870480631e-01 -1.152717130833721285e+03
4.116575777170102257e-01 -1.020384619635580975e+03
4.254213163620995108e-01 -1.131059724668273475e+03
4.396452445232932327e-01 -1.206223730678152151e+03
4.543447486007690661e-01 -1.091238110580014336e+03
4.695357294377799362e-01 -9.340362316493735761e+02
4.852346195210218704e-01 -8.990177553952161134e+02
5.014584007560848322e-01 -9.209517663736376107e+02
5.182246228372336949e-01 -8.723334532755197870e+02
5.355514222313770833e-01 -7.850190203148300725e+02
5.534575417967635413e-01 -7.457311912203550719e+02
5.719623510576314906e-01 -7.284658451516005471e+02
5.910858671567322808e-01 -6.817058393262901745e+02
6.108487765084068544e-01 -6.327599199020037304e+02
6.312724571756275216e-01 -6.041283303124012036e+02
6.523790019952193653e-01 -5.717701680114886358e+02
6.741912424762606104e-01 -5.338457459541477874e+02
6.967327734975364839e-01 -5.039534975240395056e+02
7.200279788307419881e-01 -4.753247840753260789e+02
7.441020575170596008e-01 -4.454988254522618263e+02
7.689810511256225389e-01 -4.190404726961221513e+02
7.946918719233755368e-01 -3.935915228913381156e+02
8.212623319867858873e-01 -3.690432858708534809e+02
8.487211732869031078e-01 -3.463622162009597218e+02
8.770980987803161932e-01 -3.244982597621515197e+02
9.064238045396205701e-01 -3.040270506151985614e+02
9.367300129581793700e-01 -2.847398337161775999e+02
9.680495070650749767e-01 -2.664637525760132917e+02
1.000416165987385808e+00 -2.493055022583669995e+02
1.033865001598128330e+00 -2.330878701808886433e+02
1.068432196389532240e+00 -2.178548245100610075e+02
1.104155142612600837e+00 -2.034949011463645547e+02
1.141072482725305592e+00 -1.900185129371636776e+02
1.179224151193147607e+00 -1.773647238396780210e+02
1.218651417687333982e+00 -1.654883413713641005e+02
1.259396931727273516e+00 -1.543272195593986851e+02
1.301504768815691548e+00 -1.438721138909114359e+02
1.345020478116276896e+00 -1.340644888702934168e+02
1.389991131725407447e+00 -1.248845817584277711e+02
1.436465375591293947e+00 -1.162925268362693174e+02
1.484493482135585296e+00 -1.082591333049859941e+02
1.534127404634392455e+00 -1.007319877074531860e+02
1.585420833417506836e+00 -9.369264931939268592e+01
1.638429253946665609e+00 -8.713036930578516603e+01
1.693210006835640158e+00 -8.099067330487631011e+01
1.749822349877109051e+00 -7.526754172894260364e+01
1.808327522143368116e+00 -6.992326036948411172e+01
1.868788810230267217e+00 -6.493893821771450803e+01
1.931271616715998229e+00 -6.029337053835276095e+01
1.995843530908793184e+00 -5.596289852133680398e+01
2.062574401960084458e+00 -5.192335012073986178e+01
2.131536414422164238e+00 -4.817017892429577586e+01
2.202804166332139602e+00 -4.467026927537133218e+01
2.276454749906602792e+00 -4.141793695619703897e+01
2.352567834934338631e+00 -3.838907835210407171e+01
2.431225754957225149e+00 -3.557459047860196222e+01
2.512513596332623944e+00 -3.295748928363300934e+01
2.596519290273538783e+00 -3.052581507978174002e+01
2.683333707966161441e+00 -2.826523090364937119e+01
2.773050758867611432e+00 -2.616581326579438027e+01
2.865767492290306695e+00 -2.421689170942107694e+01
2.961584202382770314e+00 -2.240779288746251297e+01
3.060604536620467719e+00 -2.072942333609367438e+01
3.162935607924048931e+00 -1.917253865275591451e+01
3.268688110526199786e+00 -1.772924981233261477e+01
3.377976439712552459e+00 -1.639097835227983069e+01
3.490918815566087297e+00 -1.515064077291822819e+01
3.607637410848952619e+00 -1.400106410045419025e+01
3.728258483159945236e+00 -1.293613087662667027e+01
3.852912511510727001e+00 -1.194974861732072924e+01
3.981734337468417539e+00 -1.103668634323132380e+01
4.114863311017320058e+00 -1.019064561557024717e+01
4.252443441297450555e+00 -9.408017968103742135e+00
4.394623552383071896e+00 -8.684497478378972346e+00
4.541557444269631816e+00 -8.014477998584203178e+00
4.693404059243289517e+00 -7.395335784977437932e+00
4.850327653813030437e+00 -6.822816680854894678e+00
5.012497976391239618e+00 -6.293184499930371878e+00
5.180090450915090017e+00 -5.803962126251148490e+00
5.353286366607249214e+00 -5.352042605542868259e+00
5.532273074081278885e+00 -4.934275848543302700e+00
5.717244188003695271e+00 -4.548036676635561548e+00
5.908399796532135539e+00 -4.191619228426912258e+00
6.105946677756002750e+00 -3.862695312523032332e+00
6.310098523373801171e+00 -3.558823289831198000e+00
6.521076169849157722e+00 -3.278440842393298471e+00
6.739107837295406966e+00 -3.019753465214053634e+00
6.964429376347387013e+00 -2.781023165284089771e+00
7.197284523287298619e+00 -2.560903356754910210e+00
7.437925163700752407e+00 -2.357739768820914517e+00
7.686611604948010879e+00 -2.170448917094292440e+00
7.943612857745410594e+00 -1.997696968657854732e+00
8.209206927161357470e+00 -1.838514952496555388e+00
8.483681113341843272e+00 -1.691763804926939452e+00
8.767332322290526392e+00 -1.556487320648240358e+00
9.060467387039910392e+00 -1.431898094063779991e+00
9.363403399560734641e+00 -1.317084477525087616e+00
9.676468053768756405e+00 -1.211336558343777625e+00
1.000000000000001243e+01 -1.113967605290201446e+00
