2.000000000000000164e-05 -8.227930585236729257e+02
2.066869842267550072e-05 -8.461323510750308969e+02
2.135975472437544027e-05 -8.701220349393727247e+02
2.207391643902171255e-05 -8.947794630404929421e+02
2.281195609427394449e-05 -9.201232285262443611e+02
2.357467204719313169e-05 -9.461716117491997693e+02
2.436288934784564352e-05 -9.729437649195942868e+02
2.517746063178175121e-05 -1.000459422500952201e+03
2.601926704235410016e-05 -1.028738760699155137e+03
2.688921918387384303e-05 -1.057802257667009599e+03
2.778825810663545582e-05 -1.087671112770169884e+03
2.871735632487579741e-05 -1.118367322111411568e+03
2.967751886876853870e-05 -1.149912922850162204e+03
3.066978437159193627e-05 -1.182330824888175584e+03
3.169522619324599853e-05 -1.215644445567065532e+03
3.275495358133433647e-05 -1.249878328151388132e+03
3.385011287106671010e-05 -1.285056681192807673e+03
3.498188872528021299e-05 -1.321204828973340227e+03
3.615150541592045298e-05 -1.358349198167630448e+03
3.736022814836899319e-05 -1.396516090397029529e+03
3.860936443004954884e-05 -1.435733032489714105e+03
3.990026548479344494e-05 -1.476028123395911734e+03
4.123432771449419843e-05 -1.517429816307080728e+03
4.261299420963254024e-05 -1.559967594003101340e+03
4.403775631030562105e-05 -1.603672395136639807e+03
4.551015521944909301e-05 -1.648574592414077188e+03
4.703178366999723984e-05 -1.694706092957460669e+03
4.860428764778435972e-05 -1.742099296129767026e+03
5.022936817205134787e-05 -1.790788364684266753e+03
5.190878313548323190e-05 -1.840806677356036744e+03
5.364434920576834987e-05 -1.892189895407000677e+03
5.543794379073590958e-05 -1.944974200328669895e+03
5.729150706919781900e-05 -1.999196085442506728e+03
5.920704408969155763e-05 -2.054893236072982745e+03
6.118662693939432690e-05 -2.112104883417250221e+03
6.323239698555469304e-05 -2.170870888932074195e+03
6.534656719186627638e-05 -2.231231208138463444e+03
6.753142451228926792e-05 -2.293228141103141752e+03
6.978933236490913268e-05 -2.356904305462297998e+03
7.212273318850868345e-05 -2.422303820662075850e+03
7.453415108461877573e-05 -2.489471087715101476e+03
7.702619454790587906e-05 -2.558451680271427904e+03
7.960155928784993205e-05 -2.629294240568346140e+03
8.226303114476471348e-05 -2.702045580241971038e+03
8.501348910331518868e-05 -2.776755242938040737e+03
8.785590840679157983e-05 -2.853474364371836145e+03
9.079336377550881697e-05 -2.932254213188381527e+03
9.382903273281309529e-05 -3.013148293376698803e+03
9.696619904229312483e-05 -3.096210368660537824e+03
1.002082562599141270e-04 -3.181496292181830995e+03
1.035587114049174785e-04 -3.269062955438995232e+03
1.070211887534562421e-04 -3.358968652753916558e+03
1.105994337590709140e-04 -3.451273151303358645e+03
1.142973171042456330e-04 -3.546036586782635368e+03
1.181188388874281471e-04 -3.643321703849975165e+03
1.220681329500424115e-04 -3.743192991298700690e+03
1.261494713481742377e-04 -3.845714652183920407e+03
1.303672689737678670e-04 -3.950953959882543131e+03
1.347260883303314362e-04 -4.058979146422302620e+03
1.392306444683180742e-04 -4.169860159025236499e+03
1.438858100855209437e-04 -4.283667749471899697e+03
1.486966207979997041e-04 -4.400475344331072847e+03
1.536682805872396744e-04 -4.520357359467321658e+03
1.588061674294368483e-04 -4.643389664447199721e+03
1.641158391129971276e-04 -4.769650567651136953e+03
1.696030392505434848e-04 -4.899217579437192398e+03
1.752737034919339915e-04 -5.032173957257746224e+03
1.811339659450114388e-04 -5.168602911833833787e+03
1.871901658110307874e-04 -5.308586572105553387e+03
1.934488542419408646e-04 -5.452212984981209047e+03
1.999168014269393128e-04 -5.599569330253335465e+03
2.066010039159656652e-04 -5.750744616923028843e+03
2.135086921880547338e-04 -5.905832235208428756e+03
2.206473384727377968e-04 -6.064924126178662846e+03
2.280246648329511538e-04 -6.228115950830517249e+03
2.356486515181963309e-04 -6.395503734325656296e+03
2.435275455969876748e-04 -6.567186563902629132e+03
2.516698698779247295e-04 -6.743265473147257580e+03
2.600844321290405573e-04 -6.923841756274217005e+03
2.687803346053976817e-04 -7.109018741213699286e+03
2.777669838952388651e-04 -7.298902411017329541e+03
2.870541010953427292e-04 -7.493601573595409718e+03
2.966517323265922064e-04 -7.693224783553035195e+03
3.065702596011295341e-04 -7.897881470611263467e+03
3.168204120528543403e-04 -8.107687086546004139e+03
3.274132775434116785e-04 -8.322751337547313597e+03
3.383603146562264279e-04 -8.543193765376079682e+03
3.496733650915567022e-04 -8.769130191967095016e+03
3.613646664759745386e-04 -9.000679663951130351e+03
3.734468656001317080e-04 -9.237963588633319887e+03
3.859330320991275886e-04 -9.481099210247215524e+03
3.988366725902805230e-04 -9.730215811421096078e+03
4.121717452835938129e-04 -9.985432444481642960e+03
4.259526750807212541e-04 -1.024687643613226828e+04
4.401943691787655547e-04 -1.051467479297814680e+04
4.549122331957894719e-04 -1.078895497323679410e+04
4.701221878354804149e-04 -1.106984298464382664e+04
4.858406861089974399e-04 -1.135746931311878870e+04
5.020847311326308640e-04 -1.165196472425753564e+04
5.188718945205230424e-04 -1.195345702563196937e+04
5.362203353923492141e-04 -1.226207965183458509e+04
5.541488200165187389e-04 -1.257796023955308010e+04
5.726767421101455150e-04 -1.290123176851047901e+04
5.918241438177454907e-04 -1.323202529982292981e+04
6.116117373913557359e-04 -1.357047120865392753e+04
6.320609275955268004e-04 -1.391669633653155142e+04
6.531938348614238542e-04 -1.427083338555631963e+04
6.750333192150836329e-04 -1.463301040033767822e+04
6.976030050057104547e-04 -1.500335144161856078e+04
7.209273064607610694e-04 -1.538198823998416265e+04
7.450314540954613768e-04 -1.576903988726172247e+04
7.699415220053250396e-04 -1.616462907840365915e+04
7.956844560711916160e-04 -1.656887882298727345e+04
8.222881031073025473e-04 -1.698190274641944779e+04
8.497812409839368810e-04 -1.740381641318287802e+04
8.781936097571961097e-04 -1.783473053655385957e+04
9.075559438396131216e-04 -1.827474636941886274e+04
9.379000052463793693e-04 -1.872397536145842241e+04
9.692586179531593148e-04 -1.918250728180197621e+04
1.001665703402655023e-03 -1.965043684583385766e+04
1.035156317198330069e-03 -2.012785249605235367e+04
1.069766687024985286e-03 -2.061482299248073105e+04
1.105534251837205851e-03 -2.111143063761953454e+04
1.142497702358069404e-03 -2.161773039160557892e+04
1.180697022931930960e-03 -2.213378035621907475e+04
1.220173534776542454e-03 -2.265963085168234102e+04
1.260969940681316284e-03 -2.319530556077624351e+04
1.303130371200056587e-03 -2.374083796184354287e+04
1.346700432388157767e-03 -2.429624116050160592e+04
1.391727255135877424e-03 -2.486151051571472999e+04
1.438259546151070007e-03 -2.543662700206537920e+04
1.486347640646530459e-03 -2.602157186882727183e+04
1.536043556788919398e-03 -2.661630814785011171e+04
1.587401051968200579e-03 -2.722076049310957387e+04
1.640475680948428249e-03 -2.783486615729771802e+04
1.695324855962815390e-03 -2.845852790837601424e+04
1.752007908818060174e-03 -2.909162917066672890e+04
1.810586155075142928e-03 -2.973404462094025439e+04
1.871122960375984270e-03 -3.038560672262148000e+04
1.933683808987751848e-03 -3.104615785444503126e+04
1.998336374638913938e-03 -3.171547574877035731e+04
2.065150593723721201e-03 -3.239334040427718719e+04
2.134198740954243185e-03 -3.307950515815782273e+04
2.205555507541849362e-03 -3.377368818927888060e+04
2.279298081992675151e-03 -3.447557667238917202e+04
2.355506233604463730e-03 -3.518484283122502529e+04
2.434262398755145627e-03 -3.590111163074698561e+04
2.515651770076436904e-03 -3.662399026689171296e+04
2.599762388608985089e-03 -3.735303250227193348e+04
2.686685239038679764e-03 -3.808779367545025889e+04
2.776514348117217236e-03 -3.882776303806109354e+04
2.869346886373309435e-03 -3.957239655125745048e+04
2.965283273224645581e-03 -4.032113423654155486e+04
3.064427285604211931e-03 -4.107335261415214336e+04
3.166886170218578649e-03 -4.182842177706006623e+04
3.272770759559481216e-03 -4.258562226450478192e+04
3.382195591794276077e-03 -4.334424100970039581e+04
3.495279034664920681e-03 -4.410350263033517695e+04
3.612143413529477973e-03 -4.486258380744198075e+04
3.732915143684721951e-03 -4.562061982056921261e+04
3.857724867112893516e-03 -4.637670783929568279e+04
3.986707593800617976e-03 -4.712989146984407853e+04
4.120002847782761740e-03 -4.787916510971738171e+04
4.257754818069308354e-03 -4.862350156261803932e+04
4.400112514618404608e-03 -4.936176557961599610e+04
4.547229929524409554e-03 -5.009285983480801224e+04
4.699266203595197679e-03 -5.081557197382962477e+04
4.856385798499019031e-03 -5.152867484630928811e+04
5.018758674667020935e-03 -5.223089433063552133e+04
5.186560475143959549e-03 -5.292092039738578751e+04
5.359972715585955248e-03 -5.359736799560677173e+04
5.539182980610755057e-03 -5.425884078390545619e+04
5.724385126713026593e-03 -5.490388822940811951e+04
5.915779491964028892e-03 -5.553101102438685484e+04
6.113573112722652143e-03 -5.613865725284165819e+04
6.317979947592099882e-03 -5.672527120276899950e+04
6.529221108864616957e-03 -5.728921797528731258e+04
6.747525101704480652e-03 -5.782882936718526616e+04
6.973128071328140755e-03 -5.834244783611463936e+04
7.206274058448705437e-03 -5.882832930053025484e+04
7.447215263261310406e-03 -5.928474490779454936e+04
7.696212318254701257e-03 -5.970992872098599764e+04
7.953534570144332738e-03 -6.010208849347834621e+04
8.219460371231864307e-03 -6.045942508911260666e+04
8.494277380506187053e-03 -6.078009869210307806e+04
8.778282874811823774e-03 -6.106229415560161578e+04
9.071784070421121463e-03 -6.130415552919013135e+04
9.375098455358292851e-03 -6.150385189014689240e+04
9.688554132834568261e-03 -6.165957631639903411e+04
1.001249017616620725e-02 -6.176952165371723822e+04
1.034725699555901803e-02 -6.183190165361058462e+04
1.069321671715643858e-02 -6.184495935436728178e+04
1.105074357476093505e-02 -6.180699621763468167e+04
1.142022431465263173e-02 -6.171633777963534521e+04
1.180205861394306721e-02 -6.157140376856331568e+04
1.219665951291643881e-02 -6.137066008663461980e+04
1.260445386182631328e-02 -6.111270438439139980e+04
1.302588278263077520e-02 -6.079617940147399349e+04
1.346140214616583890e-02 -6.041989287083829549e+04
1.391148306527291781e-02 -5.998275298376635328e+04
1.437661240441416924e-02 -5.948385370254574082e+04
1.485729330632660182e-02 -5.892244722785268823e+04
1.535404573628500365e-02 -5.829797322084457119e+04
1.586740704456205894e-02 -5.761010162145816867e+04
1.639793254769450481e-02 -5.685874401840243809e+04
1.694619612918364313e-02 -5.604404780882338673e+04
1.751279086028037155e-02 -5.516647949323000648e+04
1.809832964152614798e-02 -5.422679909493496962e+04
1.870344586574363213e-02 -5.322609029057379666e+04
1.932879410319460894e-02 -5.216583461882248230e+04
1.997505080964588620e-02 -5.104787138282393425e+04
2.064291505810955316e-02 -4.987444321226917964e+04
2.133310929504865505e-02 -4.864821499245597079e+04
2.204638012186681956e-02 -4.737230495875840279e+04
2.278349910252664909e-02 -4.605027091149148328e+04
2.354526359817107548e-02 -4.468612297900756676e+04
2.433249762964985810e-02 -4.328430817218972516e+04
2.514605276888498206e-02 -4.184974593648903829e+04
2.598680906003840441e-02 -4.038774838026341604e+04
2.685567597147924673e-02 -3.890404077114866959e+04
2.775359337957988490e-02 -3.740469605938818859e+04
2.868153258540498754e-02 -3.589610470671482472e+04
2.964049736539381419e-02 -3.438486985495708359e+04
3.063152505717161092e-02 -3.287779040826769051e+04
3.165568768166540647e-02 -3.138171586756576289e+04
3.271409310273729054e-02 -2.990350437639030497e+04
3.380788622559029871e-02 -2.844986340381550326e+04
3.493825023524253087e-02 -2.702728345496095426e+04
3.610640787640997940e-02 -2.564186868126711124e+04
3.731362277618164441e-02 -2.429927231742906588e+04
3.856120081091872487e-02 -2.300451715720514767e+04
3.985049151885547425e-02 -2.176193469092861778e+04
4.118288955993056055e-02 -2.057502356341541599e+04
4.255983622442782027e-02 -1.944635649793510674e+04
4.398282099205792772e-02 -1.837753746128312196e+04
4.545338314316834522e-02 -1.736909398500059251e+04
4.697311342382341770e-02 -1.642047782106642990e+04
4.854365576655684383e-02 -1.553003879244948257e+04
5.016670906865677154e-02 -1.469503982230027577e+04
5.184402902990837420e-02 -1.391171689267028887e+04
5.357743005178047802e-02 -1.317535853236384901e+04
5.536878720011212396e-02 -1.248042613259794598e+04
5.722003823342062395e-02 -1.182073994067607237e+04
5.913318569902666078e-02 -1.118970889158679529e+04
6.111029909926251474e-02 -1.058060756767273961e+04
6.315351713010779189e-02 -9.986908539562777150e+03
6.526504999467336310e-02 -9.402682839408547807e+03
6.744718179403717817e-02 -8.822998716357165904e+03
6.970227299801623477e-02 -8.244323629063190310e+03
7.203276299854979858e-02 -7.664883810639989861e+03
7.444117274845411802e-02 -7.084908307497651549e+03
7.693010748840443946e-02 -6.506715883727353685e+03
7.950225956509210379e-02 -5.934603343098255209e+03
8.216041134360790865e-02 -5.374483609350209008e+03
8.490743821719984319e-02 -4.833323378553680413e+03
8.774631171766281157e-02 -4.318392970104699089e+03
9.068010272972255870e-02 -3.836442766387849588e+03
9.371198481289348681e-02 -3.392906011603994557e+03
9.684523763440215649e-02 -2.991261089315742083e+03
1.000832505168899600e-01 -2.632619396207064710e+03
1.034295261047340625e-01 -2.315630730709990530e+03
1.068876841529496080e-01 -2.036674876465019452e+03
1.104614654427753945e-01 -1.790325790578751594e+03
1.141547358281756464e-01 -1.570030874960917345e+03
1.179714904176376727e-01 -1.368946494219637998e+03
1.219158578957853512e-01 -1.180856771721239056e+03
1.259921049894874856e-01 -1.001063082331431360e+03
1.302046410832891354e-01 -8.270694789088929610e+02
1.345580229891604751e-01 -6.588456903056417104e+02
1.390569598757198100e-01 -4.984981746884281506e+02
1.437063183622670492e-01 -3.493341586483309129e+02
1.485111277831346888e-01 -2.145506107699747247e+02
1.534765856280515817e-01 -9.598255692980313825e+01
1.586080631644066208e-01 6.630504723262710343e+00
1.639111112474894438e-01 9.558967780260314839e+01
1.693914663249987407e-01 1.744280397457387721e+02
1.750550566423093313e-01 2.466423260665696091e+02
1.809080086552135869e-01 3.143901004518305626e+02
1.869566536570689830e-01 3.776276079754346142e+02
1.932075346275276828e-01 4.341415143837711526e+02
1.996674133102498971e-01 4.807631504945958341e+02
2.063432775272630582e-01 5.152314586648144541e+02
2.132423487378718452e-01 5.381058381397152743e+02
2.203720898503036263e-01 5.529389959497104883e+02
2.277402132945338109e-01 5.650092288404465535e+02
2.353546893650253491e-01 5.786527497039054424e+02
2.432237548424092122e-01 5.950864230205207832e+02
2.513559219034258718e-01 6.116038865649492209e+02
2.597599873287743666e-01 6.231656131640266949e+02
2.684450420188219666e-01 6.256793009845447386e+02
2.774204808274743361e-01 6.192003786775801473e+02
2.866960127248350254e-01 6.080934571009003093e+02
2.962816712996577673e-01 5.980766397482078673e+02
3.061878256129444420e-01 5.919677251576733852e+02
3.164251914144354805e-01 5.878832357401788613e+02
3.270048427341168962e-01 5.811920699524457632e+02
3.379382238612947953e-01 5.688506181408241673e+02
3.492371617241852855e-01 5.523028905676735576e+02
3.609138786834163448e-01 5.357980162800574817e+02
3.729810057532814693e-01 5.219522602240724609e+02
3.854515962650386651e-01 5.094390206464364610e+02
3.983391399870480631e-01 4.951808660545880230e+02
4.116575777170102257e-01 4.782893173806297682e+02
4.254213163620995108e-01 4.608565113264123738e+02
4.396452445232932327e-01 4.448622499660597782e+02
4.543447486007690661e-01 4.297549926550126997e+02
4.695357294377799362e-01 4.139184577935180300e+02
4.852346195210218704e-01 3.973266939824169981e+02
5.014584007560848322e-01 3.812336415695277765e+02
5.182246228372336949e-01 3.659649539144786559e+02
5.355514222313770833e-01 3.507732348010486021e+02
5.534575417967635413e-01 3.354961715017673782e+02
5.719623510576314906e-01 3.206882388320013320e+02
5.910858671567322808e-01 3.064286275462692402e+02
6.108487765084068544e-01 2.924096492348156175e+02
6.312724571756275216e-01 2.787156621050010585e+02
6.523790019952193653e-01 2.655261433130231126e+02
6.741912424762606104e-01 2.527432490183917366e+02
6.967327734975364839e-01 2.403448448877552721e+02
7.200279788307419881e-01 2.284041815183815913e+02
7.441020575170596008e-01 2.168975335256471340e+02
7.689810511256225389e-01 2.058107228372097666e+02
7.946918719233755368e-01 1.951605634651891421e+02
8.212623319867858873e-01 1.849334608394583768e+02
8.487211732869031078e-01 1.751250690421383069e+02
8.770980987803161932e-01 1.657321756679001794e+02
9.064238045396205701e-01 1.567439312305992019e+02
9.367300129581793700e-01 1.481556996894076690e+02
9.680495070650749767e-01 1.399567410730525694e+02
1.000416165987385808e+00 1.321366439023271937e+02
1.033865001598128330e+00 1.246843174413275506e+02
1.068432196389532240e+00 1.175877891520417080e+02
1.104155142612600837e+00 1.108364045054515259e+02
1.141072482725305592e+00 1.044193150289832204e+02
1.179224151193147607e+00 9.832475515096591323e+01
1.218651417687333982e+00 9.254177624992510687e+01
1.259396931727273516e+00 8.705742063202723102e+01
1.301504768815691548e+00 8.185991145739251351e+01
1.345020478116276896e+00 7.693745338071752826e+01
1.389991131725407447e+00 7.227895866851486062e+01
1.436465375591293947e+00 6.787358717339500913e+01
1.484493482135585296e+00 6.371008371976825657e+01
1.534127404634392455e+00 5.977710175133214676e+01
1.585420833417506836e+00 5.606405552304877915e+01
1.638429253946665609e+00 5.256093624682593912e+01
1.693210006835640158e+00 4.925788049881463593e+01
1.749822349877109051e+00 4.614502932486323772e+01
1.808327522143368116e+00 4.321276302302658934e+01
1.868788810230267217e+00 4.045207665073060355e+01
1.931271616715998229e+00 3.785447281272962528e+01
1.995843530908793184e+00 3.541136268261010400e+01
2.062574401960084458e+00 3.311456832880810452e+01
2.131536414422164238e+00 3.095641795583352618e+01
2.202804166332139602e+00 2.892951242015463009e+01
2.276454749906602792e+00 2.702658408445375215e+01
2.352567834934338631e+00 2.524085269189906455e+01
2.431225754957225149e+00 2.356589634230123309e+01
2.512513596332623944e+00 2.199540844166985210e+01
2.596519290273538783e+00 2.052343549698871428e+01
2.683333707966161441e+00 1.914442423705592589e+01
2.773050758867611432e+00 1.785293773315898491e+01
2.865767492290306695e+00 1.664389238045186659e+01
2.961584202382770314e+00 1.551243814150840095e+01
3.060604536620467719e+00 1.445397963170574585e+01
3.162935607924048931e+00 1.346414874455036426e+01
3.268688110526199786e+00 1.253881817182973180e+01
3.377976439712552459e+00 1.167407438253113128e+01
3.490918815566087297e+00 1.086622104750854589e+01
3.607637410848952619e+00 1.011175120572718633e+01
3.728258483159945236e+00 9.407359007401828066e+00
3.852912511510727001e+00 8.749935085887781128e+00
3.981734337468417539e+00 8.136528831443355259e+00
4.114863311017320058e+00 7.564365997808916831e+00
4.252443441297450555e+00 7.030830041276475484e+00
4.394623552383071896e+00 6.533449260221579458e+00
4.541557444269631816e+00 6.069912557276106568e+00
4.693404059243289517e+00 5.638034792318054933e+00
4.850327653813030437e+00 5.235757769243539528e+00
5.012497976391239618e+00 4.861157571067012739e+00
5.180090450915090017e+00 4.512419730130253548e+00
5.353286366607249214e+00 4.187840417465847231e+00
5.532273074081278885e+00 3.885824953950697935e+00
5.717244188003695271e+00 3.604873633898283192e+00
5.908399796532135539e+00 3.343582174084799963e+00
6.105946677756002750e+00 3.100632758589346505e+00
6.310098523373801171e+00 2.874789189911318488e+00
6.521076169849157722e+00 2.664897286326914472e+00
6.739107837295406966e+00 2.469874737575525891e+00
6.964429376347387013e+00 2.288708140013437919e+00
7.197284523287298619e+00 2.120449464484139401e+00
7.437925163700752407e+00 1.964214384325697837e+00
7.686611604948010879e+00 1.819174089858124788e+00
7.943612857745410594e+00 1.684554508746289203e+00
8.209206927161357470e+00 1.559633463516736818e+00
8.483681113341843272e+00 1.443735673487080984e+00
8.767332322290526392e+00 1.336229782325776938e+00
9.060467387039910392e+00 1.236528382148190053e+00
9.363403399560734641e+00 1.144082964600837693e+00
9.676468053768756405e+00 1.058381532652234114e+00
1.000000000000001243e+01 9.789475117268870985e-01
