2.000000000000000164e-05 -3.091383851312820639e+02
2.066869842267550072e-05 -3.190803658193937054e+02
2.135975472437544027e-05 -3.293382854994607101e+02
2.207391643902171255e-05 -3.399319647367199195e+02
2.281195609427394449e-05 -3.508609431762978375e+02
2.357467204719313169e-05 -3.621433854103303247e+02
2.436288934784564352e-05 -3.737898970723963430e+02
2.517746063178175121e-05 -3.858091288457225687e+02
2.601926704235410016e-05 -3.982159315636815222e+02
2.688921918387384303e-05 -4.110190484260053267e+02
2.778825810663545582e-05 -4.242371222201090859e+02
2.871735632487579741e-05 -4.378773951510302709e+02
2.967751886876853870e-05 -4.519564209329084292e+02
3.066978437159193627e-05 -4.664913954797820566e+02
3.169522619324599853e-05 -4.814910247302871653e+02
3.275495358133433647e-05 -4.969743731022168731e+02
3.385011287106671010e-05 -5.129535602309526894e+02
3.498188872528021299e-05 -5.294472164188657644e+02
3.615150541592045298e-05 -5.464700739354594816e+02
3.736022814836899319e-05 -5.640406727678973766e+02
3.860936443004954884e-05 -5.821791747228821805e+02
3.990026548479344494e-05 -6.008969462008824394e+02
4.123432771449419843e-05 -6.202177358494786859e+02
4.261299420963254024e-05 -6.401598007322417061e+02
4.403775631030562105e-05 -6.607439481408192705e+02
4.551015521944909301e-05 -6.819860365268235682e+02
4.703178366999723984e-05 -7.039133595842107525e+02
4.860428764778435972e-05 -7.265460736527311383e+02
5.022936817205134787e-05 -7.499050398208020169e+02
5.190878313548323190e-05 -7.740128264100773094e+02
5.364434920576834987e-05 -7.988963033533921134e+02
5.543794379073590958e-05 -8.245850122730922749e+02
5.729150706919781900e-05 -8.510900391944163630e+02
5.920704408969155763e-05 -8.784519774633740781e+02
6.118662693939432690e-05 -9.066928799276481641e+02
6.323239698555469304e-05 -9.358403192481416681e+02
6.534656719186627638e-05 -9.659213793322338688e+02
6.753142451228926792e-05 -9.969719681594453959e+02
6.978933236490913268e-05 -1.029021767217158185e+03
7.212273318850868345e-05 -1.062094019117869493e+03
7.453415108461877573e-05 -1.096234735522619985e+03
7.702619454790587906e-05 -1.131466671948783869e+03
7.960155928784993205e-05 -1.167833515863244656e+03
8.226303114476471348e-05 -1.205371201787588006e+03
8.501348910331518868e-05 -1.244105625227354494e+03
8.785590840679157983e-05 -1.284085527191568872e+03
9.079336377550881697e-05 -1.325347884964765626e+03
9.382903273281309529e-05 -1.367936418184938248e+03
9.696619904229312483e-05 -1.411895307217076606e+03
1.002082562599141270e-04 -1.457259598149245903e+03
1.035587114049174785e-04 -1.504077173722467478e+03
1.070211887534562421e-04 -1.552395305426389086e+03
1.105994337590709140e-04 -1.602265271999709739e+03
1.142973171042456330e-04 -1.653728010530945312e+03
1.181188388874281471e-04 -1.706855314319695253e+03
1.220681329500424115e-04 -1.761664616691411766e+03
1.261494713481742377e-04 -1.818242038993437973e+03
1.303672689737678670e-04 -1.876623250257305017e+03
1.347260883303314362e-04 -1.936881677986533077e+03
1.392306444683180742e-04 -1.999069081591404938e+03
1.438858100855209437e-04 -2.063232156170440248e+03
1.486966207979997041e-04 -2.129464345898566535e+03
1.536682805872396744e-04 -2.197803721068378309e+03
1.588061674294368483e-04 -2.268332433122825933e+03
1.641158391129971276e-04 -2.341113732530416200e+03
1.696030392505434848e-04 -2.416207166322380544e+03
1.752737034919339915e-04 -2.493706783040311620e+03
1.811339659450114388e-04 -2.573665697611660107e+03
1.871901658110307874e-04 -2.656195993682402332e+03
1.934488542419408646e-04 -2.741339556004138103e+03
1.999168014269393128e-04 -2.829196417602391193e+03
2.066010039159656652e-04 -2.919859179488117206e+03
2.135086921880547338e-04 -3.013382632792405730e+03
2.206473384727377968e-04 -3.109902907221342957e+03
2.280246648329511538e-04 -3.209465268087300046e+03
2.356486515181963309e-04 -3.312199154051989808e+03
2.435275455969876748e-04 -3.418195747263184785e+03
2.516698698779247295e-04 -3.527516288140678625e+03
2.600844321290405573e-04 -3.640334462397778680e+03
2.687803346053976817e-04 -3.756710997303672684e+03
2.777669838952388651e-04 -3.876727316841681841e+03
2.870541010953427292e-04 -4.000556424907735163e+03
2.966517323265922064e-04 -4.128266387628871598e+03
3.065702596011295341e-04 -4.260015611996668667e+03
3.168204120528543403e-04 -4.395897847602127513e+03
3.274132775434116785e-04 -4.536018579558714009e+03
3.383603146562264279e-04 -4.680530873424066158e+03
3.496733650915567022e-04 -4.829558674551733020e+03
3.613646664759745386e-04 -4.983236685368986400e+03
3.734468656001317080e-04 -5.141700847031648664e+03
3.859330320991275886e-04 -5.305079902276315806e+03
3.988366725902805230e-04 -5.473574057626597096e+03
4.121717452835938129e-04 -5.647234167123621773e+03
4.259526750807212541e-04 -5.826254135822891840e+03
4.401943691787655547e-04 -6.010760827558127858e+03
4.549122331957894719e-04 -6.201005997387936986e+03
4.701221878354804149e-04 -6.397027208591533054e+03
4.858406861089974399e-04 -6.599030679332484397e+03
5.020847311326308640e-04 -6.807199380340728567e+03
5.188718945205230424e-04 -7.021726127795973298e+03
5.362203353923492141e-04 -7.242695094131897349e+03
5.541488200165187389e-04 -7.470343840310994892e+03
5.726767421101455150e-04 -7.704809896567706346e+03
5.918241438177454907e-04 -7.946333474801470402e+03
6.116117373913557359e-04 -8.195040296039078385e+03
6.320609275955268004e-04 -8.451156347057596577e+03
6.531938348614238542e-04 -8.714811947786129167e+03
6.750333192150836329e-04 -8.986223668919779811e+03
6.976030050057104547e-04 -9.265639622235879870e+03
7.209273064607610694e-04 -9.553170142076220145e+03
7.450314540954613768e-04 -9.849037666704656658e+03
7.699415220053250396e-04 -1.015344658883825650e+04
7.956844560711916160e-04 -1.046658680889562311e+04
8.222881031073025473e-04 -1.078871463388448501e+04
8.497812409839368810e-04 -1.111991765177816342e+04
8.781936097571961097e-04 -1.146047003838308592e+04
9.075559438396131216e-04 -1.181059787051101011e+04
9.379000052463793693e-04 -1.217045891690489952e+04
9.692586179531593148e-04 -1.254023282613004085e+04
1.001665703402655023e-03 -1.292014187071534434e+04
1.035156317198330069e-03 -1.331040781696582781e+04
1.069766687024985286e-03 -1.371118948681488291e+04
1.105534251837205851e-03 -1.412262376495862190e+04
1.142497702358069404e-03 -1.454493180759693314e+04
1.180697022931930960e-03 -1.497842493293118241e+04
1.220173534776542454e-03 -1.542302756561612659e+04
1.260969940681316284e-03 -1.587912650301894064e+04
1.303130371200056587e-03 -1.634683261709266662e+04
1.346700432388157767e-03 -1.682615291038822033e+04
1.391727255135877424e-03 -1.731737666447765514e+04
1.438259546151070007e-03 -1.782054678257899650e+04
1.486347640646530459e-03 -1.833587608423272832e+04
1.536043556788919398e-03 -1.886336902520186777e+04
1.587401051968200579e-03 -1.940322578223238452e+04
1.640475680948428249e-03 -1.995540784235060710e+04
1.695324855962815390e-03 -2.052000412397691616e+04
1.752007908818060174e-03 -2.109717608642741834e+04
1.810586155075142928e-03 -2.168664593135162431e+04
1.871122960375984270e-03 -2.228882931615555572e+04
1.933683808987751848e-03 -2.290338494564070788e+04
1.998336374638913938e-03 -2.353042824308769923e+04
2.065150593723721201e-03 -2.416981663254337036e+04
2.134198740954243185e-03 -2.482143357591108725e+04
2.205555507541849362e-03 -2.548535173224336540e+04
2.279298081992675151e-03 -2.616089862093362899e+04
2.355506233604463730e-03 -2.684853830034487328e+04
2.434262398755145627e-03 -2.754772294463553408e+04
2.515651770076436904e-03 -2.825808726702968852e+04
2.599762388608985089e-03 -2.897927376585849925e+04
2.686685239038679764e-03 -2.971122762228790816e+04
2.776514348117217236e-03 -3.045350393506438195e+04
2.869346886373309435e-03 -3.120549748628893940e+04
2.965283273224645581e-03 -3.196705962806945900e+04
3.064427285604211931e-03 -3.273718614872191392e+04
3.166886170218578649e-03 -3.351570722586675402e+04
3.272770759559481216e-03 -3.430180404360494867e+04
3.382195591794276077e-03 -3.509499512190758105e+04
3.495279034664920681e-03 -3.589423840384557843e+04
3.612143413529477973e-03 -3.669920017570884374e+04
3.732915143684721951e-03 -3.750863629840678186e+04
3.857724867112893516e-03 -3.832165876877537812e+04
3.986707593800617976e-03 -3.913783517719341035e+04
4.120002847782761740e-03 -3.995566537913292996e+04
4.257754818069308354e-03 -4.077412172233926685e+04
4.400112514618404608e-03 -4.159200885985151399e+04
4.547229929524409554e-03 -4.240836673758457619e+04
4.699266203595197679e-03 -4.322161652848327503e+04
4.856385798499019031e-03 -4.403054336800688179e+04
5.018758674667020935e-03 -4.483388840050542058e+04
5.186560475143959549e-03 -4.563026048082089255e+04
5.359972715585955248e-03 -4.641768348474351660e+04
5.539182980610755057e-03 -4.719516429130174220e+04
5.724385126713026593e-03 -4.796078845199163334e+04
5.915779491964028892e-03 -4.871248292494077759e+04
6.113573112722652143e-03 -4.944945135917748848e+04
6.317979947592099882e-03 -5.016920492333667062e+04
6.529221108864616957e-03 -5.086983374611446197e+04
6.747525101704480652e-03 -5.154965869754278538e+04
6.973128071328140755e-03 -5.220680671270372113e+04
7.206274058448705437e-03 -5.283885137681422202e+04
7.447215263261310406e-03 -5.344455017960062833e+04
7.696212318254701257e-03 -5.402092165788793500e+04
7.953534570144332738e-03 -5.456654415665684064e+04
8.219460371231864307e-03 -5.507920376521621802e+04
8.494277380506187053e-03 -5.555648289867067797e+04
8.778282874811823774e-03 -5.599654543216674210e+04
9.071784070421121463e-03 -5.639684580308905424e+04
9.375098455358292851e-03 -5.675586976106005750e+04
9.688554132834568261e-03 -5.707098972768650128e+04
1.001249017616620725e-02 -5.733989966145544167e+04
1.034725699555901803e-02 -5.756100184776951210e+04
1.069321671715643858e-02 -5.773210494271883363e+04
1.105074357476093505e-02 -5.785118369453496416e+04
1.142022431465263173e-02 -5.791602889834559028e+04
1.180205861394306721e-02 -5.792495274921970849e+04
1.219665951291643881e-02 -5.787599503854334762e+04
1.260445386182631328e-02 -5.776751385250870226e+04
1.302588278263077520e-02 -5.759805831154702173e+04
1.346140214616583890e-02 -5.736590956338377146e+04
1.391148306527291781e-02 -5.706927819587640261e+04
1.437661240441416924e-02 -5.670751729959187651e+04
1.485729330632660182e-02 -5.627918715765680099e+04
1.535404573628500365e-02 -5.578378122653379978e+04
1.586740704456205894e-02 -5.521945070234947343e+04
1.639793254769450481e-02 -5.458762959454493102e+04
1.694619612918364313e-02 -5.388618102315330179e+04
1.751279086028037155e-02 -5.311602319180649647e+04
1.809832964152614798e-02 -5.227730610787696060e+04
1.870344586574363213e-02 -5.137020742357166455e+04
1.932879410319460894e-02 -5.039584091681195423e+04
1.997505080964588620e-02 -4.935589325575751718e+04
2.064291505810955316e-02 -4.825138320384836697e+04
2.133310929504865505e-02 -4.708489113230500516e+04
2.204638012186681956e-02 -4.585722667840337090e+04
2.278349910252664909e-02 -4.457270794323115842e+04
2.354526359817107548e-02 -4.323432274471817800e+04
2.433249762964985810e-02 -4.184578335988040635e+04
2.514605276888498206e-02 -4.041047000061359722e+04
2.598680906003840441e-02 -3.893426174017123412e+04
2.685567597147924673e-02 -3.742149262538731273e+04
2.775359337957988490e-02 -3.587711004330898140e+04
2.868153258540498754e-02 -3.430855066078859818e+04
2.964049736539381419e-02 -3.272063026272871866e+04
3.063152505717161092e-02 -3.112205601493363793e+04
3.165568768166540647e-02 -2.951813369063690334e+04
3.271409310273729054e-02 -2.791790703568149547e+04
3.380788622559029871e-02 -2.632742693526301446e+04
3.493825023524253087e-02 -2.475537928692224887e+04
3.610640787640997940e-02 -2.321027476547738115e+04
3.731362277618164441e-02 -2.169853202077826427e+04
3.856120081091872487e-02 -2.022865129956318196e+04
3.985049151885547425e-02 -1.880832097501193493e+04
4.118288955993056055e-02 -1.744401963884030192e+04
4.255983622442782027e-02 -1.614315145067934463e+04
4.398282099205792772e-02 -1.491195399303817430e+04
4.545338314316834522e-02 -1.375612769633535572e+04
4.697311342382341770e-02 -1.268052458055836178e+04
4.854365576655684383e-02 -1.168994866560611445e+04
5.016670906865677154e-02 -1.078772590348869562e+04
5.184402902990837420e-02 -9.976634581639573298e+03
5.357743005178047802e-02 -9.258244226115459242e+03
5.536878720011212396e-02 -8.632848379950359231e+03
5.722003823342062395e-02 -8.099169970915394515e+03
5.913318569902666078e-02 -7.654012284751168409e+03
6.111029909926251474e-02 -7.291728666860828525e+03
6.315351713010779189e-02 -7.004043989386562316e+03
6.526504999467336310e-02 -6.779761413658073252e+03
6.744718179403717817e-02 -6.603612874197594465e+03
6.970227299801623477e-02 -6.458405028651744033e+03
7.203276299854979858e-02 -6.323351682343231914e+03
7.444117274845411802e-02 -6.176237955015269108e+03
7.693010748840443946e-02 -5.994657751321737123e+03
7.950225956509210379e-02 -5.758099228086372023e+03
8.216041134360790865e-02 -5.449414589014520061e+03
8.490743821719984319e-02 -5.058858460536805978e+03
8.774631171766281157e-02 -4.583681538251138591e+03
9.068010272972255870e-02 -4.030658901084692843e+03
9.371198481289348681e-02 -3.415735481933372739e+03
9.684523763440215649e-02 -2.762570775039853288e+03
1.000832505168899600e-01 -2.101407495143458164e+03
1.034295261047340625e-01 -1.466084521804960332e+03
1.068876841529496080e-01 -8.918179774745854047e+02
1.104614654427753945e-01 -4.132119795124269785e+02
1.141547358281756464e-01 -6.003443163547367334e+01
1.179714904176376727e-01 1.460336350260037648e+02
1.219158578957853512e-01 1.970600729014045385e+02
1.259921049894874856e-01 1.042857535403230571e+02
1.302046410832891354e-01 -9.744308963780784438e+01
1.345580229891604751e-01 -3.514849406263461447e+02
1.390569598757198100e-01 -5.871428307967649971e+02
1.437063183622670492e-01 -7.347282381672021074e+02
1.485111277831346888e-01 -7.440002213049532429e+02
1.534765856280515817e-01 -5.978000390273267612e+02
1.586080631644066208e-01 -3.172861203120510254e+02
1.639111112474894438e-01 4.353510914920369146e+01
1.693914663249987407e-01 4.103258668033723211e+02
1.750550566423093313e-01 7.053080337276965111e+02
1.809080086552135869e-01 8.638005486721546049e+02
1.869566536570689830e-01 8.534419896047343173e+02
1.932075346275276828e-01 6.955664922150782559e+02
1.996674133102498971e-01 4.559701247847276022e+02
2.063432775272630582e-01 2.394296396622744396e+02
2.132423487378718452e-01 1.355641561952197094e+02
2.203720898503036263e-01 1.785303007940628959e+02
2.277402132945338109e-01 3.418701664380285479e+02
2.353546893650253491e-01 5.394441768974612614e+02
2.432237548424092122e-01 6.820196325935949062e+02
2.513559219034258718e-01 7.013258965672500835e+02
2.597599873287743666e-01 6.026975191520130011e+02
2.684450420188219666e-01 4.518476937345576516e+02
2.774204808274743361e-01 3.457460283434954817e+02
2.866960127248350254e-01 3.391629412124669329e+02
2.962816712996577673e-01 4.126880752989163170e+02
3.061878256129444420e-01 4.955406188432872341e+02
3.164251914144354805e-01 5.157205825837127122e+02
3.270048427341168962e-01 4.605633919961874767e+02
3.379382238612947953e-01 3.808405653410729315e+02
3.492371617241852855e-01 3.394776484942416914e+02
3.609138786834163448e-01 3.533042363041132035e+02
3.729810057532814693e-01 3.830168715565880575e+02
3.854515962650386651e-01 3.809543732378197092e+02
3.983391399870480631e-01 3.429504450727060885e+02
4.116575777170102257e-01 3.059501590624548157e+02
4.254213163620995108e-01 2.968235762919869671e+02
4.396452445232932327e-01 3.016148778713223351e+02
4.543447486007690661e-01 2.927743138345463194e+02
4.695357294377799362e-01 2.691393153816192694e+02
4.852346195210218704e-01 2.508990871481898068e+02
5.014584007560848322e-01 2.443668832556650727e+02
5.182246228372336949e-01 2.365081018073231576e+02
5.355514222313770833e-01 2.215543855468057757e+02
5.534575417967635413e-01 2.080548369049897417e+02
5.719623510576314906e-01 1.993881846545740757e+02
5.910858671567322808e-01 1.896602040668537654e+02
6.108487765084068544e-01 1.780967301627362644e+02
6.312724571756275216e-01 1.685582236816329100e+02
6.523790019952193653e-01 1.599879764885074280e+02
6.741912424762606104e-01 1.508008706587746417e+02
6.967327734975364839e-01 1.421413750486469780e+02
7.200279788307419881e-01 1.343272243449036125e+02
7.441020575170596008e-01 1.264719911279958779e+02
7.689810511256225389e-01 1.191034764765011005e+02
7.946918719233755368e-01 1.121173440825208019e+02
8.212623319867858873e-01 1.053586953946645934e+02
8.487211732869031078e-01 9.904705440253081861e+01
8.770980987803161932e-01 9.305488701201004176e+01
9.064238045396205701e-01 8.737344481100176097e+01
9.367300129581793700e-01 8.201084973714901594e+01
9.680495070650749767e-01 7.691754051003439940e+01
1.000416165987385808e+00 7.209306240583936187e+01
1.033865001598128330e+00 6.751818557699556322e+01
1.068432196389532240e+00 6.320088570738190725e+01
1.104155142612600837e+00 5.915836418614611603e+01
1.141072482725305592e+00 5.534107287369116079e+01
1.179224151193147607e+00 5.175210918643294633e+01
1.218651417687333982e+00 4.837918396194868365e+01
1.259396931727273516e+00 4.519463254122911167e+01
1.301504768815691548e+00 4.218667963601873083e+01
1.345020478116276896e+00 3.937409417344267837e+01
1.389991131725407447e+00 3.674459844089943061e+01
1.436465375591293947e+00 3.427571587994074775e+01
1.484493482135585296e+00 3.195490271626363921e+01
1.534127404634392455e+00 2.977563569609348093e+01
1.585420833417506836e+00 2.774167449554182596e+01
1.638429253946665609e+00 2.583446620016930240e+01
1.693210006835640158e+00 2.405717215785826468e+01
1.749822349877109051e+00 2.238368025197904032e+01
1.808327522143368116e+00 2.082059428359779929e+01
1.868788810230267217e+00 1.936536744409521305e+01
1.931271616715998229e+00 1.800589421648894373e+01
1.995843530908793184e+00 1.673331203640763576e+01
2.062574401960084458e+00 1.554812745071177282e+01
2.131536414422164238e+00 1.444182550793394881e+01
2.202804166332139602e+00 1.341120327014517422e+01
2.276454749906602792e+00 1.244866699001163113e+01
2.352567834934338631e+00 1.155281433387658119e+01
2.431225754957225149e+00 1.071913418355931924e+01
2.512513596332623944e+00 9.941501450505274562e+00
2.596519290273538783e+00 9.218694243826108803e+00
2.683333707966161441e+00 8.546039742816036622e+00
2.773050758867611432e+00 7.920597219970176184e+00
2.865767492290306695e+00 7.339111639606352711e+00
2.961584202382770314e+00 6.798344101821141905e+00
3.060604536620467719e+00 6.296066864679249697e+00
3.162935607924048931e+00 5.829384851090086528e+00
3.268688110526199786e+00 5.396169759496804552e+00
3.377976439712552459e+00 4.993903946861732557e+00
3.490918815566087297e+00 4.620591838592130962e+00
3.607637410848952619e+00 4.274175108879787466e+00
3.728258483159945236e+00 3.952963272165818776e+00
3.852912511510727001e+00 3.655088961973606665e+00
3.981734337468417539e+00 3.379102362076542132e+00
4.114863311017320058e+00 3.123198765023544432e+00
4.252443441297450555e+00 2.886072731053686891e+00
4.394623552383071896e+00 2.666527791504434752e+00
4.541557444269631816e+00 2.463088015806103037e+00
4.693404059243289517e+00 2.274749567671729089e+00
4.850327653813030437e+00 2.100440268737917560e+00
5.012497976391239618e+00 1.939079562524898437e+00
5.180090450915090017e+00 1.789781226548724069e+00
5.353286366607249214e+00 1.651738659864117942e+00
5.532273074081278885e+00 1.524085198770623206e+00
5.717244188003695271e+00 1.406013549961812714e+00
5.908399796532135539e+00 1.296888447439153547e+00
6.105946677756002750e+00 1.196033574357736384e+00
6.310098523373801171e+00 1.102836710336182025e+00
6.521076169849157722e+00 1.016738904465902316e+00
6.739107837295406966e+00 9.371899915149030091e-01
6.964429376347387013e+00 8.637384649342353393e-01
7.197284523287298619e+00 7.959195380349538551e-01
7.437925163700752407e+00 7.333094649325043735e-01
7.686611604948010879e+00 6.755462621177872329e-01
7.943612857745410594e+00 6.222357659735118229e-01
8.209206927161357470e+00 5.730433131662081570e-01
8.483681113341843272e+00 5.276589181337727474e-01
8.767332322290526392e+00 4.857964764989134987e-01
9.060467387039910392e+00 4.471969505630437047e-01
9.363403399560734641e+00 4.115984698255981677e-01
9.676468053768756405e+00 3.788004598555496094e-01
1.000000000000001243e+01 3.485669718065106393e-01
