2.000000000000000164e-05 5.262652856533904355e+01
2.066869842267550072e-05 5.431874427190521715e+01
2.135975472437544027e-05 5.606556675309235516e+01
2.207391643902171255e-05 5.786875041440211476e+01
2.281195609427394449e-05 5.972961388288993589e+01
2.357467204719313169e-05 6.165055672569337730e+01
2.436288934784564352e-05 6.363305534263730578e+01
2.517746063178175121e-05 6.567958446471806155e+01
2.601926704235410016e-05 6.779173901340456609e+01
2.688921918387384303e-05 6.997164193272212174e+01
2.778825810663545582e-05 7.222203103207206709e+01
2.871735632487579741e-05 7.454469517202795714e+01
2.967751886876853870e-05 7.694186647261687995e+01
3.066978437159193627e-05 7.941634789650407811e+01
3.169522619324599853e-05 8.197057518203990867e+01
3.275495358133433647e-05 8.460654243294413845e+01
3.385011287106671010e-05 8.732765787153198289e+01
3.498188872528021299e-05 9.013624935648664405e+01
3.615150541592045298e-05 9.303515562298940722e+01
3.736022814836899319e-05 9.602707953397640495e+01
3.860936443004954884e-05 9.911548549739308100e+01
3.990026548479344494e-05 1.023028512634914478e+02
4.123432771449419843e-05 1.055930051433534800e+02
4.261299420963254024e-05 1.089894117723420663e+02
4.403775631030562105e-05 1.124946430024968436e+02
4.551015521944909301e-05 1.161125977895630967e+02
4.703178366999723984e-05 1.198470807694198470e+02
4.860428764778435972e-05 1.237019851550772387e+02
5.022936817205134787e-05 1.276801265405430286e+02
5.190878313548323190e-05 1.317873518091153073e+02
5.364434920576834987e-05 1.360260033963984938e+02
5.543794379073590958e-05 1.404008727095219911e+02
5.729150706919781900e-05 1.449168746068971814e+02
5.920704408969155763e-05 1.495780166075655870e+02
6.118662693939432690e-05 1.543895075099976566e+02
6.323239698555469304e-05 1.593556082863779011e+02
6.534656719186627638e-05 1.644815282314607430e+02
6.753142451228926792e-05 1.697725763006684474e+02
6.978933236490913268e-05 1.752338443824999104e+02
7.212273318850868345e-05 1.808708564968395649e+02
7.453415108461877573e-05 1.866889013884519954e+02
7.702619454790587906e-05 1.926955309593898846e+02
7.960155928784993205e-05 1.988938802566786990e+02
8.226303114476471348e-05 2.052930464521466547e+02
8.501348910331518868e-05 2.118985546228088879e+02
8.785590840679157983e-05 2.187160239723527866e+02
9.079336377550881697e-05 2.257530593402822205e+02
9.382903273281309529e-05 2.330166125637759933e+02
9.696619904229312483e-05 2.405149432590798142e+02
1.002082562599141270e-04 2.482542930114851742e+02
1.035587114049174785e-04 2.562435311640371083e+02
1.070211887534562421e-04 2.644900380693263742e+02
1.105994337590709140e-04 2.730012529962220924e+02
1.142973171042456330e-04 2.817880628379953123e+02
1.181188388874281471e-04 2.908584575247272141e+02
1.220681329500424115e-04 3.002201602532329616e+02
1.261494713481742377e-04 3.098845590708970121e+02
1.303672689737678670e-04 3.198617269541864516e+02
1.347260883303314362e-04 3.301583149430007325e+02
1.392306444683180742e-04 3.407891663932343818e+02
1.438858100855209437e-04 3.517629333558534199e+02
1.486966207979997041e-04 3.630902964086408247e+02
1.536682805872396744e-04 3.747836991676990692e+02
1.588061674294368483e-04 3.868547571694466569e+02
1.641158391129971276e-04 3.993154923922031685e+02
1.696030392505434848e-04 4.121804821857608658e+02
1.752737034919339915e-04 4.254605436112308325e+02
1.811339659450114388e-04 4.391688339627216919e+02
1.871901658110307874e-04 4.533225901959360726e+02
1.934488542419408646e-04 4.679332762708600058e+02
1.999168014269393128e-04 4.830178769482631651e+02
2.066010039159656652e-04 4.985916248592650390e+02
2.135086921880547338e-04 5.146673207361618552e+02
2.206473384727377968e-04 5.312671656681311561e+02
2.280246648329511538e-04 5.484017580159900263e+02
2.356486515181963309e-04 5.660951816343094833e+02
2.435275455969876748e-04 5.843624324222219002e+02
2.516698698779247295e-04 6.032215687396796966e+02
2.600844321290405573e-04 6.226918205497463532e+02
2.687803346053976817e-04 6.427983161442944038e+02
2.777669838952388651e-04 6.635589785483011838e+02
2.870541010953427292e-04 6.849934224962248663e+02
2.966517323265922064e-04 7.071234868088049552e+02
3.065702596011295341e-04 7.299765814399211195e+02
3.168204120528543403e-04 7.535721988778709601e+02
3.274132775434116785e-04 7.779391306880552293e+02
3.383603146562264279e-04 8.030981876444752743e+02
3.496733650915567022e-04 8.290798695006287744e+02
3.613646664759745386e-04 8.559083267134883499e+02
3.734468656001317080e-04 8.836066386811899065e+02
3.859330320991275886e-04 9.122167006003337519e+02
3.988366725902805230e-04 9.417559083675450893e+02
4.121717452835938129e-04 9.722634132989128375e+02
4.259526750807212541e-04 1.003767092413213504e+03
4.401943691787655547e-04 1.036294059217436825e+03
4.549122331957894719e-04 1.069885103575795711e+03
4.701221878354804149e-04 1.104574750832725840e+03
4.858406861089974399e-04 1.140390951045560541e+03
5.020847311326308640e-04 1.177374304677473447e+03
5.188718945205230424e-04 1.215564844610494220e+03
5.362203353923492141e-04 1.254989763493090322e+03
5.541488200165187389e-04 1.295696875543026181e+03
5.726767421101455150e-04 1.337727880176526014e+03
5.918241438177454907e-04 1.381107733698809170e+03
6.116117373913557359e-04 1.425887865676909314e+03
6.320609275955268004e-04 1.472106280264433735e+03
6.531938348614238542e-04 1.519810183260919985e+03
6.750333192150836329e-04 1.569031776616175193e+03
6.976030050057104547e-04 1.619815537610606953e+03
7.209273064607610694e-04 1.672203316432455722e+03
7.450314540954613768e-04 1.726236811806234073e+03
7.699415220053250396e-04 1.781962126270168483e+03
7.956844560711916160e-04 1.839409440901058588e+03
8.222881031073025473e-04 1.898627156420925530e+03
8.497812409839368810e-04 1.959656414992282407e+03
8.781936097571961097e-04 2.022521459829008563e+03
9.075559438396131216e-04 2.087283940700494895e+03
9.379000052463793693e-04 2.153954375663010978e+03
9.692586179531593148e-04 2.222585656618884968e+03
1.001665703402655023e-03 2.293198681508688423e+03
1.035156317198330069e-03 2.365827797497709071e+03
1.069766687024985286e-03 2.440512073892095941e+03
1.105534251837205851e-03 2.517242582243179640e+03
1.142497702358069404e-03 2.596090530206838594e+03
1.180697022931930960e-03 2.677043916273851210e+03
1.220173534776542454e-03 2.760116868325749238e+03
1.260969940681316284e-03 2.845351170705816912e+03
1.303130371200056587e-03 2.932719958413845234e+03
1.346700432388157767e-03 3.022250206934904782e+03
1.391727255135877424e-03 3.113939928119070828e+03
1.438259546151070007e-03 3.207786969403368857e+03
1.486347640646530459e-03 3.303787041438436063e+03
1.536043556788919398e-03 3.401898272335038200e+03
1.587401051968200579e-03 3.502142583657905561e+03
1.640475680948428249e-03 3.604486401311269219e+03
1.695324855962815390e-03 3.708875601064073635e+03
1.752007908818060174e-03 3.815313245306424506e+03
1.810586155075142928e-03 3.923742333543550558e+03
1.871122960375984270e-03 4.034127191583547756e+03
1.933683808987751848e-03 4.146391207727820074e+03
1.998336374638913938e-03 4.260525180656695738e+03
2.065150593723721201e-03 4.376473457062838861e+03
2.134198740954243185e-03 4.494130431137973574e+03
2.205555507541849362e-03 4.613440333659154931e+03
2.279298081992675151e-03 4.734367404514941882e+03
2.355506233604463730e-03 4.856802333415052999e+03
2.434262398755145627e-03 4.980660003116154257e+03
2.515651770076436904e-03 5.105877327964335564e+03
2.599762388608985089e-03 5.232376135862396040e+03
2.686685239038679764e-03 5.360015530209948338e+03
2.776514348117217236e-03 5.488711659420259821e+03
2.869346886373309435e-03 5.618381930470495718e+03
2.965283273224645581e-03 5.748883831491948513e+03
3.064427285604211931e-03 5.880148879076368758e+03
3.166886170218578649e-03 6.011953682009389013e+03
3.272770759559481216e-03 6.144302414447447518e+03
3.382195591794276077e-03 6.277002508754194423e+03
3.495279034664920681e-03 6.409887589704921993e+03
3.612143413529477973e-03 6.542860907115446025e+03
3.732915143684721951e-03 6.675765747155910503e+03
3.857724867112893516e-03 6.808465655907621112e+03
3.986707593800617976e-03 6.940760520432759222e+03
4.120002847782761740e-03 7.072552227187243261e+03
4.257754818069308354e-03 7.203596027564690303e+03
4.400112514618404608e-03 7.333800662987650867e+03
4.547229929524409554e-03 7.462955686793102359e+03
4.699266203595197679e-03 7.590821172679388837e+03
4.856385798499019031e-03 7.717333312765731534e+03
5.018758674667020935e-03 7.842189187913372734e+03
5.186560475143959549e-03 7.965210712407042593e+03
5.359972715585955248e-03 8.086217379407753469e+03
5.539182980610755057e-03 8.205015169040252658e+03
5.724385126713026593e-03 8.321282337067350454e+03
5.915779491964028892e-03 8.434912642538474756e+03
6.113573112722652143e-03 8.545601475312942057e+03
6.317979947592099882e-03 8.653094946806995722e+03
6.529221108864616957e-03 8.757244688570026483e+03
6.747525101704480652e-03 8.857736015832524572e+03
6.973128071328140755e-03 8.954302434593082580e+03
7.206274058448705437e-03 9.046758811643740046e+03
7.447215263261310406e-03 9.134757551713992143e+03
7.696212318254701257e-03 9.218130171296215849e+03
7.953534570144332738e-03 9.296582740296726115e+03
8.219460371231864307e-03 9.369789233531082573e+03
8.494277380506187053e-03 9.437570545874732488e+03
8.778282874811823774e-03 9.499519109819375444e+03
9.071784070421121463e-03 9.555509099337541556e+03
9.375098455358292851e-03 9.605169272069688304e+03
9.688554132834568261e-03 9.648153458381457312e+03
1.001249017616620725e-02 9.684260970655814162e+03
1.034725699555901803e-02 9.713195997634538799e+03
1.069321671715643858e-02 9.734644317922902701e+03
1.105074357476093505e-02 9.748273733141286357e+03
1.142022431465263173e-02 9.753831604640763544e+03
1.180205861394306721e-02 9.750975707585930650e+03
1.219665951291643881e-02 9.739473923569421459e+03
1.260445386182631328e-02 9.718926257229177281e+03
1.302588278263077520e-02 9.689212170013415744e+03
1.346140214616583890e-02 9.649878391457932594e+03
1.391148306527291781e-02 9.600859271975059528e+03
1.437661240441416924e-02 9.541697419941301632e+03
1.485729330632660182e-02 9.472328456822178850e+03
1.535404573628500365e-02 9.392500122510973597e+03
1.586740704456205894e-02 9.302011104760167655e+03
1.639793254769450481e-02 9.200645359325171739e+03
1.694619612918364313e-02 9.088499385026079835e+03
1.751279086028037155e-02 8.965273843087379646e+03
1.809832964152614798e-02 8.831066867163499410e+03
1.870344586574363213e-02 8.686028886790882098e+03
1.932879410319460894e-02 8.530117963172306190e+03
1.997505080964588620e-02 8.363570454086766404e+03
2.064291505810955316e-02 8.186588303664284467e+03
2.133310929504865505e-02 7.999719327765014896e+03
2.204638012186681956e-02 7.803182215950546379e+03
2.278349910252664909e-02 7.597684101108352479e+03
2.354526359817107548e-02 7.383711877011519391e+03
2.433249762964985810e-02 7.162184397750206699e+03
2.514605276888498206e-02 6.933862250601086998e+03
2.598680906003840441e-02 6.699789748818620865e+03
2.685567597147924673e-02 6.461092468125498272e+03
2.775359337957988490e-02 6.218836929037061054e+03
2.868153258540498754e-02 5.974423540068019065e+03
2.964049736539381419e-02 5.729234567890853214e+03
3.063152505717161092e-02 5.484584098535124213e+03
3.165568768166540647e-02 5.242165366394838202e+03
3.271409310273729054e-02 5.003333590922775329e+03
3.380788622559029871e-02 4.769730506196501665e+03
3.493825023524253087e-02 4.542735805989395885e+03
3.610640787640997940e-02 4.323885828371094249e+03
3.731362277618164441e-02 4.114548036604974186e+03
3.856120081091872487e-02 3.915842641569415719e+03
3.985049151885547425e-02 3.728948539002376492e+03
4.118288955993056055e-02 3.554607521890411590e+03
4.255983622442782027e-02 3.393597844370870007e+03
4.398282099205792772e-02 3.246131777868795325e+03
4.545338314316834522e-02 3.112414275227165490e+03
4.697311342382341770e-02 2.992205470882399823e+03
4.854365576655684383e-02 2.884862441215936997e+03
5.016670906865677154e-02 2.789592053174219473e+03
5.184402902990837420e-02 2.705020513331255643e+03
5.357743005178047802e-02 2.629525187341259880e+03
5.536878720011212396e-02 2.561089687459716515e+03
5.722003823342062395e-02 2.497456823989778059e+03
5.913318569902666078e-02 2.436040964021285617e+03
6.111029909926251474e-02 2.374064503893951041e+03
6.315351713010779189e-02 2.308826235482883931e+03
6.526504999467336310e-02 2.237722011458408815e+03
6.744718179403717817e-02 2.158503015199894435e+03
6.970227299801623477e-02 2.069501147263763414e+03
7.203276299854979858e-02 1.969943388256615435e+03
7.444117274845411802e-02 1.859994113413868035e+03
7.693010748840443946e-02 1.741054907886282308e+03
7.950225956509210379e-02 1.615582031100329914e+03
8.216041134360790865e-02 1.487158292621570581e+03
8.490743821719984319e-02 1.359984886725615070e+03
8.774631171766281157e-02 1.238685868060656503e+03
9.068010272972255870e-02 1.127624818024496562e+03
9.371198481289348681e-02 1.030578158959997381e+03
9.684523763440215649e-02 9.500482366104552057e+02
1.000832505168899600e-01 8.872494375633687014e+02
1.034295261047340625e-01 8.417157005725857744e+02
1.068876841529496080e-01 8.113523074042313965e+02
1.104614654427753945e-01 7.925810838326651719e+02
1.141547358281756464e-01 7.805351249370505684e+02
1.179714904176376727e-01 7.695367163754053763e+02
1.219158578957853512e-01 7.537697160068364610e+02
1.259921049894874856e-01 7.282508948463600973e+02
1.302046410832891354e-01 6.899532442259987874e+02
1.345580229891604751e-01 6.387902002883129171e+02
1.390569598757198100e-01 5.779740000564243019e+02
1.437063183622670492e-01 5.135019903501097360e+02
1.485111277831346888e-01 4.526840402342168090e+02
1.534765856280515817e-01 4.021607395427190568e+02
1.586080631644066208e-01 3.661224650018357352e+02
1.639111112474894438e-01 3.452717819393456011e+02
1.693914663249987407e-01 3.367442437010140566e+02
1.750550566423093313e-01 3.348922763348764420e+02
1.809080086552135869e-01 3.326284523440835983e+02
1.869566536570689830e-01 3.234042535059870715e+02
1.932075346275276828e-01 3.038878168413066305e+02
1.996674133102498971e-01 2.736614933649116210e+02
2.063432775272630582e-01 2.402122379974571231e+02
2.132423487378718452e-01 2.090319737996560434e+02
2.203720898503036263e-01 1.877107764072889040e+02
2.277402132945338109e-01 1.767997583379974458e+02
2.353546893650253491e-01 1.738650620852172324e+02
2.432237548424092122e-01 1.723411157342980005e+02
2.513559219034258718e-01 1.665225651674063556e+02
2.597599873287743666e-01 1.533642205364958500e+02
2.684450420188219666e-01 1.357358262321463371e+02
2.774204808274743361e-01 1.187177550635647094e+02
2.866960127248350254e-01 1.077796236230744853e+02
2.962816712996577673e-01 1.028120234468360650e+02
3.061878256129444420e-01 1.005491032543932306e+02
3.164251914144354805e-01 9.631584979723811557e+01
3.270048427341168962e-01 8.798288936449466746e+01
3.379382238612947953e-01 7.805756586983306988e+01
3.492371617241852855e-01 7.031045610973478688e+01
3.609138786834163448e-01 6.604298760836400106e+01
3.729810057532814693e-01 6.334282926924743151e+01
3.854515962650386651e-01 5.947888278792561323e+01
3.983391399870480631e-01 5.395775595488203180e+01
4.116575777170102257e-01 4.868534057498663969e+01
4.254213163620995108e-01 4.516133469519502341e+01
4.396452445232932327e-01 4.264477238995254993e+01
4.543447486007690661e-01 3.963290553462343269e+01
4.695357294377799362e-01 3.608025799120525789e+01
4.852346195210218704e-01 3.305609638099610947e+01
5.014584007560848322e-01 3.081940959432984073e+01
5.182246228372336949e-01 2.864015126637355024e+01
5.355514222313770833e-01 2.625667831511123040e+01
5.534575417967635413e-01 2.412928168891028236e+01
5.719623510576314906e-01 2.236485361249606285e+01
5.910858671567322808e-01 2.064869438397607837e+01
6.108487765084068544e-01 1.897475083528064488e+01
6.312724571756275216e-01 1.750532267994316271e+01
6.523790019952193653e-01 1.615506161304864463e+01
6.741912424762606104e-01 1.486293235798228807e+01
6.967327734975364839e-01 1.369661221878772039e+01
7.200279788307419881e-01 1.262212450027874411e+01
7.441020575170596008e-01 1.161928850745141517e+01
7.689810511256225389e-01 1.069485784179221355e+01
7.946918719233755368e-01 9.849676006185461574e+00
8.212623319867858873e-01 9.060658381338555500e+00
8.487211732869031078e-01 8.335921153415597473e+00
8.770980987803161932e-01 7.668493715873125893e+00
9.064238045396205701e-01 7.053746029788356964e+00
9.367300129581793700e-01 6.487215384936320106e+00
9.680495070650749767e-01 5.964484035623627278e+00
1.000416165987385808e+00 5.482754951679282840e+00
1.033865001598128330e+00 5.039076173792693680e+00
1.068432196389532240e+00 4.631614969340134280e+00
1.104155142612600837e+00 4.255853039044978914e+00
1.141072482725305592e+00 3.909020580242454912e+00
1.179224151193147607e+00 3.591459522218869438e+00
1.218651417687333982e+00 3.297680892447871770e+00
1.259396931727273516e+00 3.028771656998898720e+00
1.301504768815691548e+00 2.780519492481374755e+00
1.345020478116276896e+00 2.552100740084242148e+00
1.389991131725407447e+00 2.342510653788210107e+00
1.436465375591293947e+00 2.149862956642856204e+00
1.484493482135585296e+00 1.972752046735450904e+00
1.534127404634392455e+00 1.810165276186879169e+00
1.585420833417506836e+00 1.660550162303557897e+00
1.638429253946665609e+00 1.522998409495670558e+00
1.693210006835640158e+00 1.396926175631456601e+00
1.749822349877109051e+00 1.280992904472810778e+00
1.808327522143368116e+00 1.174389345259605477e+00
1.868788810230267217e+00 1.076653564882867897e+00
1.931271616715998229e+00 9.869941060846798564e-01
1.995843530908793184e+00 9.047672466477330033e-01
2.062574401960084458e+00 8.291208260236082594e-01
2.131536414422164238e+00 7.597360786263074317e-01
2.202804166332139602e+00 6.960909235349532764e-01
2.276454749906602792e+00 6.377751857209901232e-01
2.352567834934338631e+00 5.842897877101727033e-01
2.431225754957225149e+00 5.351262948813584330e-01
2.512513596332623944e+00 4.900504223683643801e-01
2.596519290273538783e+00 4.488212864209550901e-01
2.683333707966161441e+00 4.109609119233681440e-01
2.773050758867611432e+00 3.762597422503688449e-01
2.865767492290306695e+00 3.444632731943020332e-01
2.961584202382770314e+00 3.153457775680834629e-01
3.060604536620467719e+00 2.886281595753281692e-01
3.162935607924048931e+00 2.641820245321824245e-01
3.268688110526199786e+00 2.417649268542909624e-01
3.377976439712552459e+00 2.212304776830809061e-01
3.490918815566087297e+00 2.024123849479142478e-01
3.607637410848952619e+00 1.851915719646779479e-01
3.728258483159945236e+00 1.694249319507568075e-01
3.852912511510727001e+00 1.549803218613421407e-01
3.981734337468417539e+00 1.417555307616735760e-01
4.114863311017320058e+00 1.296442688015231326e-01
4.252443441297450555e+00 1.185552785749433014e-01
4.394623552383071896e+00 1.084224365371522225e-01
4.541557444269631816e+00 9.913915134576400945e-02
4.693404059243289517e+00 9.063869148229430905e-02
4.850327653813030437e+00 8.287320263729913705e-02
5.012497976391239618e+00 7.575923839532983095e-02
5.180090450915090017e+00 6.924917853004863844e-02
5.353286366607249214e+00 6.329868023546625366e-02
5.532273074081278885e+00 5.785195629541162177e-02
5.717244188003695271e+00 5.287254879996261536e-02
5.908399796532135539e+00 4.831700780295711262e-02
6.105946677756002750e+00 4.414879733262710992e-02
6.310098523373801171e+00 4.034207741355544385e-02
6.521076169849157722e+00 3.686134814560260153e-02
6.739107837295406966e+00 3.367669563572595059e-02
6.964429376347387013e+00 3.076441430060694593e-02
7.197284523287298619e+00 2.810366692883814466e-02
7.437925163700752407e+00 2.567137311596190408e-02
7.686611604948010879e+00 2.344802512605548284e-02
7.943612857745410594e+00 2.141593726373236528e-02
8.209206927161357470e+00 1.955954237791435180e-02
8.483681113341843272e+00 1.786182160080973524e-02
8.767332322290526392e+00 1.631105990237580183e-02
9.060467387039910392e+00 1.489413308863429819e-02
9.363403399560734641e+00 1.359972498097161697e-02
9.676468053768756405e+00 1.241690079826163196e-02
1.000000000000001243e+01 1.133606960818683840e-02
