2.000000000000000164e-05 2.195488112146001072e+02
2.066869842267550072e-05 2.266088507040843751e+02
2.135975472437544027e-05 2.338959439673274119e+02
2.207391643902171255e-05 2.414173005257963212e+02
2.281195609427394449e-05 2.491805731349813300e+02
2.357467204719313169e-05 2.571934439193062758e+02
2.436288934784564352e-05 2.654639481447374010e+02
2.517746063178175121e-05 2.740004015521759015e+02
2.601926704235410016e-05 2.828113670281985605e+02
2.688921918387384303e-05 2.919056207134155443e+02
2.778825810663545582e-05 3.012922721991124604e+02
2.871735632487579741e-05 3.109807919001782466e+02
2.967751886876853870e-05 3.209808070402197586e+02
3.066978437159193627e-05 3.313023377140068533e+02
3.169522619324599853e-05 3.419557017243898827e+02
3.275495358133433647e-05 3.529516950101374277e+02
3.385011287106671010e-05 3.643011868860111235e+02
3.498188872528021299e-05 3.760155342667230229e+02
3.615150541592045298e-05 3.881065874307628292e+02
3.736022814836899319e-05 4.005863476568461010e+02
3.860936443004954884e-05 4.134673590574399213e+02
3.990026548479344494e-05 4.267625305388770016e+02
4.123432771449419843e-05 4.404850798272458405e+02
4.261299420963254024e-05 4.546487364763594883e+02
4.403775631030562105e-05 4.692678768977110622e+02
4.551015521944909301e-05 4.843569434029996046e+02
4.703178366999723984e-05 4.999310651263733121e+02
4.860428764778435972e-05 5.160057633141354927e+02
5.022936817205134787e-05 5.325973373839340184e+02
5.190878313548323190e-05 5.497221201582804042e+02
5.364434920576834987e-05 5.673973980819692997e+02
5.543794379073590958e-05 5.856409003191097327e+02
5.729150706919781900e-05 6.044707449324773734e+02
5.920704408969155763e-05 6.239057142257804571e+02
6.118662693939432690e-05 6.439653765470540066e+02
6.323239698555469304e-05 6.646698224826877777e+02
6.534656719186627638e-05 6.860395110173334388e+02
6.753142451228926792e-05 7.080959722350763741e+02
6.978933236490913268e-05 7.308612015873361543e+02
7.212273318850868345e-05 7.543580386372840394e+02
7.453415108461877573e-05 7.786098035483131525e+02
7.702619454790587906e-05 8.036405873398631456e+02
7.960155928784993205e-05 8.294758667114857644e+02
8.226303114476471348e-05 8.561409819040225102e+02
8.501348910331518868e-05 8.836625856773820260e+02
8.785590840679157983e-05 9.120683077668616079e+02
9.079336377550881697e-05 9.413863079732524284e+02
9.382903273281309529e-05 9.716459658524009910e+02
9.696619904229312483e-05 1.002877267941691002e+03
1.002082562599141270e-04 1.035111416604464466e+03
1.035587114049174785e-04 1.068380513815507356e+03
1.070211887534562421e-04 1.102717701086499574e+03
1.105994337590709140e-04 1.138157206098042252e+03
1.142973171042456330e-04 1.174734001559126909e+03
1.181188388874281471e-04 1.212484567832129414e+03
1.220681329500424115e-04 1.251446638413675146e+03
1.261494713481742377e-04 1.291658547059488228e+03
1.303672689737678670e-04 1.333160374099781848e+03
1.347260883303314362e-04 1.375993271244460630e+03
1.392306444683180742e-04 1.420199744296226527e+03
1.438858100855209437e-04 1.465823373350938482e+03
1.486966207979997041e-04 1.512909481140737171e+03
1.536682805872396744e-04 1.561504592133157303e+03
1.588061674294368483e-04 1.611656622345848291e+03
1.641158391129971276e-04 1.663415256215082309e+03
1.696030392505434848e-04 1.716830854857566919e+03
1.752737034919339915e-04 1.771956777104436014e+03
1.811339659450114388e-04 1.828847402271816691e+03
1.871901658110307874e-04 1.887557787019323769e+03
1.934488542419408646e-04 1.948146183034904425e+03
1.999168014269393128e-04 2.010671679457702339e+03
2.066010039159656652e-04 2.075195196579877120e+03
2.135086921880547338e-04 2.141780456924109330e+03
2.206473384727377968e-04 2.210491930364082691e+03
2.280246648329511538e-04 2.281396746343775249e+03
2.356486515181963309e-04 2.354563525641020988e+03
2.435275455969876748e-04 2.430063416535902888e+03
2.516698698779247295e-04 2.507969744371569050e+03
2.600844321290405573e-04 2.588357437231165022e+03
2.687803346053976817e-04 2.671303733510496386e+03
2.777669838952388651e-04 2.756888476517265190e+03
2.870541010953427292e-04 2.845194246797384039e+03
2.966517323265922064e-04 2.936305258981669795e+03
3.065702596011295341e-04 3.030307837746436689e+03
3.168204120528543403e-04 3.127292458926220661e+03
3.274132775434116785e-04 3.227349296827978378e+03
3.383603146562264279e-04 3.330574290413310337e+03
3.496733650915567022e-04 3.437063985382578267e+03
3.613646664759745386e-04 3.546918287161779972e+03
3.734468656001317080e-04 3.660240209917795710e+03
3.859330320991275886e-04 3.777133362575159936e+03
3.988366725902805230e-04 3.897708455042652076e+03
4.121717452835938129e-04 4.022074524876941723e+03
4.259526750807212541e-04 4.150346385715616634e+03
4.401943691787655547e-04 4.282641288226182951e+03
4.549122331957894719e-04 4.419079304654382213e+03
4.701221878354804149e-04 4.559782625056823235e+03
4.858406861089974399e-04 4.704878073428582866e+03
5.020847311326308640e-04 4.854495490989094833e+03
5.188718945205230424e-04 5.008766466234872496e+03
5.362203353923492141e-04 5.167828003553583585e+03
5.541488200165187389e-04 5.331817837732509361e+03
5.726767421101455150e-04 5.500879205552894746e+03
5.918241438177454907e-04 5.675157893239706027e+03
6.116117373913557359e-04 5.854802843689723886e+03
6.320609275955268004e-04 6.039965014513150891e+03
6.531938348614238542e-04 6.230801539930530453e+03
6.750333192150836329e-04 6.427471296943159359e+03
6.976030050057104547e-04 6.630135255771811899e+03
7.209273064607610694e-04 6.838961724971161857e+03
7.450314540954613768e-04 7.054117491859453366e+03
7.699415220053250396e-04 7.275775085920475249e+03
7.956844560711916160e-04 7.504111467859237564e+03
8.222881031073025473e-04 7.739303748010268464e+03
8.497812409839368810e-04 7.981534383845986667e+03
8.781936097571961097e-04 8.230988215456176476e+03
9.075559438396131216e-04 8.487850400612080193e+03
9.379000052463793693e-04 8.752315613353986919e+03
9.692586179531593148e-04 9.024573354245760129e+03
1.001665703402655023e-03 9.304820390298364146e+03
1.035156317198330069e-03 9.593255645367555189e+03
1.069766687024985286e-03 9.890073837719737639e+03
1.105534251837205851e-03 1.019548138599922459e+04
1.142497702358069404e-03 1.050967692299887312e+04
1.180697022931930960e-03 1.083286595361199215e+04
1.220173534776542454e-03 1.116525570486220204e+04
1.260969940681316284e-03 1.150704583011619252e+04
1.303130371200056587e-03 1.185844634738420973e+04
1.346700432388157767e-03 1.221966282403052901e+04
1.391727255135877424e-03 1.259089755186052025e+04
1.438259546151070007e-03 1.297235114703060026e+04
1.486347640646530459e-03 1.336423001949038553e+04
1.536043556788919398e-03 1.376673701387734218e+04
1.587401051968200579e-03 1.418006077975657718e+04
1.640475680948428249e-03 1.460440200669485239e+04
1.695324855962815390e-03 1.503994897791111907e+04
1.752007908818060174e-03 1.548688517718795993e+04
1.810586155075142928e-03 1.594539479444814788e+04
1.871122960375984270e-03 1.641564467213743774e+04
1.933683808987751848e-03 1.689781202970357481e+04
1.998336374638913938e-03 1.739204396613552672e+04
2.065150593723721201e-03 1.789849328936374150e+04
2.134198740954243185e-03 1.841730262853460226e+04
2.205555507541849362e-03 1.894859927490616974e+04
2.279298081992675151e-03 1.949249693544413458e+04
2.355506233604463730e-03 2.004910434898857784e+04
2.434262398755145627e-03 2.061850653563192827e+04
2.515651770076436904e-03 2.120078092540300349e+04
2.599762388608985089e-03 2.179597624377259490e+04
2.686685239038679764e-03 2.240414371074858718e+04
2.776514348117217236e-03 2.302529701760249736e+04
2.869346886373309435e-03 2.365943039545915599e+04
2.965283273224645581e-03 2.430652826988265224e+04
3.064427285604211931e-03 2.496653594155026440e+04
3.166886170218578649e-03 2.563939292513964756e+04
3.272770759559481216e-03 2.632498131811658459e+04
3.382195591794276077e-03 2.702318316366714498e+04
3.495279034664920681e-03 2.773383724162950239e+04
3.612143413529477973e-03 2.845674630638296367e+04
3.732915143684721951e-03 2.919167968712288348e+04
3.857724867112893516e-03 2.993837393246296415e+04
3.986707593800617976e-03 3.069652128077429734e+04
4.120002847782761740e-03 3.146577052435200676e+04
4.257754818069308354e-03 3.224574334640336019e+04
4.400112514618404608e-03 3.303597521303028770e+04
4.547229929524409554e-03 3.383600997960273526e+04
4.699266203595197679e-03 3.464529600372164714e+04
4.856385798499019031e-03 3.546325061884940806e+04
5.018758674667020935e-03 3.628923630122880422e+04
5.186560475143959549e-03 3.712256579116302601e+04
5.359972715585955248e-03 3.796247197303526627e+04
5.539182980610755057e-03 3.880814954063178448e+04
5.724385126713026593e-03 3.965872211670887918e+04
5.915779491964028892e-03 4.051324264841507829e+04
6.113573112722652143e-03 4.137068701008591597e+04
6.317979947592099882e-03 4.222998640694026108e+04
6.529221108864616957e-03 4.308996836615007487e+04
6.747525101704480652e-03 4.394938620279645693e+04
6.973128071328140755e-03 4.480694887635536725e+04
7.206274058448705437e-03 4.566124318565624708e+04
7.447215263261310406e-03 4.651080703596621606e+04
7.696212318254701257e-03 4.735408529241321230e+04
7.953534570144332738e-03 4.818943330299008812e+04
8.219460371231864307e-03 4.901512766585428471e+04
8.494277380506187053e-03 4.982933410001656739e+04
8.778282874811823774e-03 5.063015532456769870e+04
9.071784070421121463e-03 5.141557252437501302e+04
9.375098455358292851e-03 5.218349413358209131e+04
9.688554132834568261e-03 5.293175067183639476e+04
1.001249017616620725e-02 5.365806905291975272e+04
1.034725699555901803e-02 5.436008492231726996e+04
1.069321671715643858e-02 5.503534454639293835e+04
1.105074357476093505e-02 5.568132554019653617e+04
1.142022431465263173e-02 5.629540124257471325e+04
1.180205861394306721e-02 5.687489888046929264e+04
1.219665951291643881e-02 5.741705168752549071e+04
1.260445386182631328e-02 5.791907389856460941e+04
1.302588278263077520e-02 5.837807628817380464e+04
1.346140214616583890e-02 5.879117593999701057e+04
1.391148306527291781e-02 5.915543303100885532e+04
1.437661240441416924e-02 5.946793222156934644e+04
1.485729330632660182e-02 5.972575645196327969e+04
1.535404573628500365e-02 5.992601686155999050e+04
1.586740704456205894e-02 6.006589945113828435e+04
1.639793254769450481e-02 6.014268254277615051e+04
1.694619612918364313e-02 6.015373730958106898e+04
1.751279086028037155e-02 6.009662545383362885e+04
1.809832964152614798e-02 5.996908537065440760e+04
1.870344586574363213e-02 5.976907959209239925e+04
1.932879410319460894e-02 5.949489695518047665e+04
1.997505080964588620e-02 5.914513207422906999e+04
2.064291505810955316e-02 5.871876367335114628e+04
2.133310929504865505e-02 5.821520876245745603e+04
2.204638012186681956e-02 5.763439703790395288e+04
2.278349910252664909e-02 5.697679733003088768e+04
2.354526359817107548e-02 5.624348020395029016e+04
2.433249762964985810e-02 5.543615102978794312e+04
2.514605276888498206e-02 5.455725308277685690e+04
2.598680906003840441e-02 5.360992882655697758e+04
2.685567597147924673e-02 5.259811244959869509e+04
2.775359337957988490e-02 5.152651445976700052e+04
2.868153258540498754e-02 5.040065406917755899e+04
2.964049736539381419e-02 4.922678850682123448e+04
3.063152505717161092e-02 4.801196221682342002e+04
3.165568768166540647e-02 4.676387097899145738e+04
3.271409310273729054e-02 4.549086602851656789e+04
3.380788622559029871e-02 4.420177635810796346e+04
3.493825023524253087e-02 4.290585548630262929e+04
3.610640787640997940e-02 4.161255380161031644e+04
3.731362277618164441e-02 4.033143380057378818e+04
3.856120081091872487e-02 3.907187822384500032e+04
3.985049151885547425e-02 3.784296277333729086e+04
4.118288955993056055e-02 3.665316644489134342e+04
4.255983622442782027e-02 3.551012683575040865e+04
4.398282099205792772e-02 3.442045183919573901e+04
4.545338314316834522e-02 3.338937690053714323e+04
4.697311342382341770e-02 3.242058048363105627e+04
4.854365576655684383e-02 3.151591432658673511e+04
5.016670906865677154e-02 3.067517332303212606e+04
5.184402902990837420e-02 2.989592126511363313e+04
5.357743005178047802e-02 2.917332808094621214e+04
5.536878720011212396e-02 2.850006972386282359e+04
5.722003823342062395e-02 2.786636347511781423e+04
5.913318569902666078e-02 2.726011712418776006e+04
6.111029909926251474e-02 2.666722787307193721e+04
6.315351713010779189e-02 2.607209003477687656e+04
6.526504999467336310e-02 2.545840032178360707e+04
6.744718179403717817e-02 2.481014464197167035e+04
6.970227299801623477e-02 2.411283185616254923e+04
7.203276299854979858e-02 2.335490759529754359e+04
7.444117274845411802e-02 2.252917065715068748e+04
7.693010748840443946e-02 2.163405446029912855e+04
7.950225956509210379e-02 2.067458402864625532e+04
8.216041134360790865e-02 1.966270554680710120e+04
8.490743821719984319e-02 1.861694835069220790e+04
8.774631171766281157e-02 1.756121008691755560e+04
9.068010272972255870e-02 1.652279516955060171e+04
9.371198481289348681e-02 1.552983509713936655e+04
9.684523763440215649e-02 1.460845094735976636e+04
1.000832505168899600e-01 1.377987458065419560e+04
1.034295261047340625e-01 1.305802454320714605e+04
1.068876841529496080e-01 1.244761203795449546e+04
1.104614654427753945e-01 1.194302576495044013e+04
1.141547358281756464e-01 1.152812228624508862e+04
1.179714904176376727e-01 1.117715128737595842e+04
1.219158578957853512e-01 1.085714654703723863e+04
1.259921049894874856e-01 1.053207850638170021e+04
1.302046410832891354e-01 1.016869894315004967e+04
1.345580229891604751e-01 9.743250736389856684e+03
1.390569598757198100e-01 9.247438659774512416e+03
1.437063183622670492e-01 8.691521241947351882e+03
1.485111277831346888e-01 8.102845908975735256e+03
1.534765856280515817e-01 7.519589956480970613e+03
1.586080631644066208e-01 6.981260322778969567e+03
1.639111112474894438e-01 6.518730327634760215e+03
1.693914663249987407e-01 6.146606371946969375e+03
1.750550566423093313e-01 5.859595734918922972e+03
1.809080086552135869e-01 5.633611491395686244e+03
1.869566536570689830e-01 5.431908577673407308e+03
1.932075346275276828e-01 5.215893215900589894e+03
1.996674133102498971e-01 4.958955148567532888e+03
2.063432775272630582e-01 4.655876707054528197e+03
2.132423487378718452e-01 4.326418236665168479e+03
2.203720898503036263e-01 4.004166677363512918e+03
2.277402132945338109e-01 3.721939072663336447e+03
2.353546893650253491e-01 3.495984493413201562e+03
2.432237548424092122e-01 3.320174923325060263e+03
2.513559219034258718e-01 3.169791464121098215e+03
2.597599873287743666e-01 3.015386885189243912e+03
2.684450420188219666e-01 2.839142304051454175e+03
2.774204808274743361e-01 2.645133043910640936e+03
2.866960127248350254e-01 2.453921703676530342e+03
2.962816712996577673e-01 2.286933103598737944e+03
3.061878256129444420e-01 2.150784216694788029e+03
3.164251914144354805e-01 2.034565426090842720e+03
3.270048427341168962e-01 1.920266286566677536e+03
3.379382238612947953e-01 1.798016971487589672e+03
3.492371617241852855e-01 1.673183016364190053e+03
3.609138786834163448e-01 1.558432856872351294e+03
3.729810057532814693e-01 1.459923883796439668e+03
3.854515962650386651e-01 1.372282638378384263e+03
3.983391399870480631e-01 1.286353208423008255e+03
4.116575777170102257e-01 1.199730305956723441e+03
4.254213163620995108e-01 1.117556479056026092e+03
4.396452445232932327e-01 1.044048543002322731e+03
4.543447486007690661e-01 9.771417705763883532e+02
4.695357294377799362e-01 9.126734742776320672e+02
4.852346195210218704e-01 8.503733981492671319e+02
5.014584007560848322e-01 7.926632707742335242e+02
5.182246228372336949e-01 7.398196579964319426e+02
5.355514222313770833e-01 6.899785673732076248e+02
5.534575417967635413e-01 6.425925056323077342e+02
5.719623510576314906e-01 5.985077916306784118e+02
5.910858671567322808e-01 5.576213584561617154e+02
6.108487765084068544e-01 5.191532991692970427e+02
6.312724571756275216e-01 4.830773697622008171e+02
6.523790019952193653e-01 4.495307973131745598e+02
6.741912424762606104e-01 4.181795065535822005e+02
6.967327734975364839e-01 3.888415594588990416e+02
7.200279788307419881e-01 3.615017834421279304e+02
7.441020575170596008e-01 3.359960689370088858e+02
7.689810511256225389e-01 3.121884446081514284e+02
7.946918719233755368e-01 2.900000760471719445e+02
8.212623319867858873e-01 2.693141433047385362e+02
8.487211732869031078e-01 2.500361811970854262e+02
8.770980987803161932e-01 2.320805686487684909e+02
9.064238045396205701e-01 2.153576451012249606e+02
9.367300129581793700e-01 1.997927620367941302e+02
9.680495070650749767e-01 1.853086111703099448e+02
1.000416165987385808e+00 1.718338265952544930e+02
1.033865001598128330e+00 1.593011766195071459e+02
1.068432196389532240e+00 1.476469534827346308e+02
1.104155142612600837e+00 1.368133904693964666e+02
1.141072482725305592e+00 1.267463321420202220e+02
1.179224151193147607e+00 1.173940752711376518e+02
1.218651417687333982e+00 1.087092083074620632e+02
1.259396931727273516e+00 1.006450040438747493e+02
1.301504768815691548e+00 9.315899646775022802e+01
1.345020478116276896e+00 8.621130938893900009e+01
1.389991131725407447e+00 7.976526177624140246e+01
1.436465375591293947e+00 7.378662945220968084e+01
1.484493482135585296e+00 6.824275487073248314e+01
1.534127404634392455e+00 6.310277536916973418e+01
1.585420833417506836e+00 5.833838185659836029e+01
1.638429253946665609e+00 5.392345053445206560e+01
1.693210006835640158e+00 4.983345464671047864e+01
1.749822349877109051e+00 4.604521460889571216e+01
1.808327522143368116e+00 4.253703818243780432e+01
1.868788810230267217e+00 3.928898612053142614e+01
1.931271616715998229e+00 3.628265418005609177e+01
1.995843530908793184e+00 3.350050687566132268e+01
2.062574401960084458e+00 3.092629097462771171e+01
2.131536414422164238e+00 2.854504223272205365e+01
2.202804166332139602e+00 2.634279229122780919e+01
2.276454749906602792e+00 2.430638031451260161e+01
2.352567834934338631e+00 2.242371994809621683e+01
2.431225754957225149e+00 2.068362139774788133e+01
2.512513596332623944e+00 1.907552731879227892e+01
2.596519290273538783e+00 1.758967944673564787e+01
2.683333707966161441e+00 1.621711208975283824e+01
2.773050758867611432e+00 1.494936890186889045e+01
2.865767492290306695e+00 1.377867015111005955e+01
2.961584202382770314e+00 1.269777670706260508e+01
3.060604536620467719e+00 1.169997709695240218e+01
3.162935607924048931e+00 1.077903661829731874e+01
3.268688110526199786e+00 9.929182151707939497e+00
3.377976439712552459e+00 9.145056193928205346e+00
3.490918815566087297e+00 8.421697419584482702e+00
3.607637410848952619e+00 7.754498498132485373e+00
3.728258483159945236e+00 7.139196580368687428e+00
3.852912511510727001e+00 6.571852076718514901e+00
3.981734337468417539e+00 6.048804128297559757e+00
4.114863311017320058e+00 5.566669495089410447e+00
4.252443441297450555e+00 5.122315087759757191e+00
4.394623552383071896e+00 4.712836314436103180e+00
4.541557444269631816e+00 4.335557144770322502e+00
4.693404059243289517e+00 3.987994513676121233e+00
4.850327653813030437e+00 3.667849740612783016e+00
5.012497976391239618e+00 3.373004843720761592e+00
5.180090450915090017e+00 3.101496954583876864e+00
5.353286366607249214e+00 2.851511883578234929e+00
5.532273074081278885e+00 2.621376235698417823e+00
5.717244188003695271e+00 2.409541479563744204e+00
5.908399796532135539e+00 2.214578571978385924e+00
6.105946677756002750e+00 2.035166700198254297e+00
6.310098523373801171e+00 1.870085298200223400e+00
6.521076169849157722e+00 1.718209869196281936e+00
6.739107837295406966e+00 1.578501290649798605e+00
6.964429376347387013e+00 1.450000225594299197e+00
7.197284523287298619e+00 1.331821466568175127e+00
7.437925163700752407e+00 1.223149727801130515e+00
7.686611604948010879e+00 1.123231629525468511e+00
7.943612857745410594e+00 1.031372620569526832e+00
8.209206927161357470e+00 9.469328022683715096e-01
8.483681113341843272e+00 8.693216614082683869e-01
8.767332322290526392e+00 7.979942718200383478e-01
9.060467387039910392e+00 7.324494561641938795e-01
9.363403399560734641e+00 6.722250558662187236e-01
9.676468053768756405e+00 6.168949788661562961e-01
1.000000000000001243e+01 5.660671392307281558e-01
