2.000000000000000164e-05 -8.670470468579030694e+02
2.066869842267550072e-05 -8.949294778453195249e+02
2.135975472437544027e-05 -9.237066439432126117e+02
2.207391643902171255e-05 -9.534097877498268190e+02
2.281195609427394449e-05 -9.840672604890798993e+02
2.357467204719313169e-05 -1.015710689797448254e+03
2.436288934784564352e-05 -1.048373370736802826e+03
2.517746063178175121e-05 -1.082088422291793904e+03
2.601926704235410016e-05 -1.116881938048518350e+03
2.688921918387384303e-05 -1.152795496358394757e+03
2.778825810663545582e-05 -1.189867076819559543e+03
2.871735632487579741e-05 -1.228124393942033294e+03
2.967751886876853870e-05 -1.267615020331009418e+03
3.066978437159193627e-05 -1.308378608594915931e+03
3.169522619324599853e-05 -1.350449825074779483e+03
3.275495358133433647e-05 -1.393867089699700955e+03
3.385011287106671010e-05 -1.438692040490397858e+03
3.498188872528021299e-05 -1.484955290571458136e+03
3.615150541592045298e-05 -1.532699681401023554e+03
3.736022814836899319e-05 -1.581983136762532467e+03
3.860936443004954884e-05 -1.632854992046638472e+03
3.990026548479344494e-05 -1.685352853584521199e+03
4.123432771449419843e-05 -1.739544183781901438e+03
4.261299420963254024e-05 -1.795473228768730223e+03
4.403775631030562105e-05 -1.853202123124619675e+03
4.551015521944909301e-05 -1.912789392060249611e+03
4.703178366999723984e-05 -1.974290188049058770e+03
4.860428764778435972e-05 -2.037769964292531313e+03
5.022936817205134787e-05 -2.103279481774381566e+03
5.190878313548323190e-05 -2.170905193068264452e+03
5.364434920576834987e-05 -2.240700431987499996e+03
5.543794379073590958e-05 -2.312731705020751633e+03
5.729150706919781900e-05 -2.387092087264521979e+03
5.920704408969155763e-05 -2.463834724831371204e+03
6.118662693939432690e-05 -2.543041192044286618e+03
6.323239698555469304e-05 -2.624788238876525611e+03
6.534656719186627638e-05 -2.709175552649965539e+03
6.753142451228926792e-05 -2.796256074826356780e+03
6.978933236490913268e-05 -2.886143953982055791e+03
7.212273318850868345e-05 -2.978925271779259219e+03
7.453415108461877573e-05 -3.074673726617660577e+03
7.702619454790587906e-05 -3.173507195971206784e+03
7.960155928784993205e-05 -3.275511798957531028e+03
8.226303114476471348e-05 -3.380778416869412922e+03
8.501348910331518868e-05 -3.489452924228221946e+03
8.785590840679157983e-05 -3.601581791011373298e+03
9.079336377550881697e-05 -3.717332606795086122e+03
9.382903273281309529e-05 -3.836788704695036813e+03
9.696619904229312483e-05 -3.960074055351327843e+03
1.002082562599141270e-04 -4.087325210170088667e+03
1.035587114049174785e-04 -4.218652077508064394e+03
1.070211887534562421e-04 -4.354193916103891752e+03
1.105994337590709140e-04 -4.494070952095051325e+03
1.142973171042456330e-04 -4.638438718063188389e+03
1.181188388874281471e-04 -4.787437296873669766e+03
1.220681329500424115e-04 -4.941211297533258403e+03
1.261494713481742377e-04 -5.099914287424644499e+03
1.303672689737678670e-04 -5.263693146360947139e+03
1.347260883303314362e-04 -5.432718191344487423e+03
1.392306444683180742e-04 -5.607164149166888819e+03
1.438858100855209437e-04 -5.787177793101639509e+03
1.486966207979997041e-04 -5.972960896396570206e+03
1.536682805872396744e-04 -6.164675747812222653e+03
1.588061674294368483e-04 -6.362565370914895539e+03
1.641158391129971276e-04 -6.566720755563347666e+03
1.696030392505434848e-04 -6.777396069486010674e+03
1.752737034919339915e-04 -6.994845908813504138e+03
1.811339659450114388e-04 -7.219204590529410780e+03
1.871901658110307874e-04 -7.450712759198625463e+03
1.934488542419408646e-04 -7.689614478733174110e+03
1.999168014269393128e-04 -7.936144893578014489e+03
2.066010039159656652e-04 -8.190492855720623993e+03
2.135086921880547338e-04 -8.452978332324535586e+03
2.206473384727377968e-04 -8.723793777595887150e+03
2.280246648329511538e-04 -9.003201088234607596e+03
2.356486515181963309e-04 -9.291483566593446085e+03
2.435275455969876748e-04 -9.588901408465742861e+03
2.516698698779247295e-04 -9.895823780300808721e+03
2.600844321290405573e-04 -1.021238762385088376e+04
2.687803346053976817e-04 -1.053899318158478127e+04
2.777669838952388651e-04 -1.087591169371030264e+04
2.870541010953427292e-04 -1.122350051855721176e+04
2.966517323265922064e-04 -1.158199175646661934e+04
3.065702596011295341e-04 -1.195186170372527340e+04
3.168204120528543403e-04 -1.233328836806877189e+04
3.274132775434116785e-04 -1.272676956385480844e+04
3.383603146562264279e-04 -1.313262028506010211e+04
3.496733650915567022e-04 -1.355104632918665266e+04
3.613646664759745386e-04 -1.398269013077445743e+04
3.734468656001317080e-04 -1.442776383835011620e+04
3.859330320991275886e-04 -1.488671251072847372e+04
3.988366725902805230e-04 -1.535992757022898877e+04
4.121717452835938129e-04 -1.584785366307656295e+04
4.259526750807212541e-04 -1.635087937195591257e+04
4.401943691787655547e-04 -1.686950309280176953e+04
4.549122331957894719e-04 -1.740413263135261514e+04
4.701221878354804149e-04 -1.795517912622804943e+04
4.858406861089974399e-04 -1.852310880216360238e+04
5.020847311326308640e-04 -1.910854277436670236e+04
5.188718945205230424e-04 -1.971170347077259430e+04
5.362203353923492141e-04 -2.033337876225103173e+04
5.541488200165187389e-04 -2.097395159517171123e+04
5.726767421101455150e-04 -2.163370667697935642e+04
5.918241438177454907e-04 -2.231346331527438451e+04
6.116117373913557359e-04 -2.301374260039450382e+04
6.320609275955268004e-04 -2.373493700316430113e+04
6.531938348614238542e-04 -2.447772210004156659e+04
6.750333192150836329e-04 -2.524255033265572274e+04
6.976030050057104547e-04 -2.602993759535949357e+04
7.209273064607610694e-04 -2.684065524241376261e+04
7.450314540954613768e-04 -2.767519958495232640e+04
7.699415220053250396e-04 -2.853407813810752850e+04
7.956844560711916160e-04 -2.941792994165631535e+04
8.222881031073025473e-04 -3.032744498214702253e+04
8.497812409839368810e-04 -3.126317652131074283e+04
8.781936097571961097e-04 -3.222566431320991978e+04
9.075559438396131216e-04 -3.321551508342103625e+04
9.379000052463793693e-04 -3.423340911168223101e+04
9.692586179531593148e-04 -3.527986523226563440e+04
1.001665703402655023e-03 -3.635573952158930479e+04
1.035156317198330069e-03 -3.746139108188168757e+04
1.069766687024985286e-03 -3.859743857522437611e+04
1.105534251837205851e-03 -3.976464921481881902e+04
1.142497702358069404e-03 -4.096341751676809508e+04
1.180697022931930960e-03 -4.219446195124393853e+04
1.220173534776542454e-03 -4.345828851003952150e+04
1.260969940681316284e-03 -4.475549430632273288e+04
1.303130371200056587e-03 -4.608660459567287035e+04
1.346700432388157767e-03 -4.745205835648978245e+04
1.391727255135877424e-03 -4.885270400630009681e+04
1.438259546151070007e-03 -5.028848935211140633e+04
1.486347640646530459e-03 -5.176018365560937673e+04
1.536043556788919398e-03 -5.326848586322524352e+04
1.587401051968200579e-03 -5.481295805028584437e+04
1.640475680948428249e-03 -5.639500440210176748e+04
1.695324855962815390e-03 -5.801420230183994136e+04
1.752007908818060174e-03 -5.967109321128742158e+04
1.810586155075142928e-03 -6.136615817538036936e+04
1.871122960375984270e-03 -6.309896528379658412e+04
1.933683808987751848e-03 -6.487009563283337047e+04
1.998336374638913938e-03 -6.667971789922103926e+04
2.065150593723721201e-03 -6.852731822179957817e+04
2.134198740954243185e-03 -7.041317188838124275e+04
2.205555507541849362e-03 -7.233749399327937863e+04
2.279298081992675151e-03 -7.429933932957582874e+04
2.355506233604463730e-03 -7.629907870304273092e+04
2.434262398755145627e-03 -7.833576316801998473e+04
2.515651770076436904e-03 -8.040949173891630198e+04
2.599762388608985089e-03 -8.251904924628454319e+04
2.686685239038679764e-03 -8.466455660287005594e+04
2.776514348117217236e-03 -8.684463830465036153e+04
2.869346886373309435e-03 -8.905814606748329243e+04
2.965283273224645581e-03 -9.130488667818205431e+04
3.064427285604211931e-03 -9.358346878688158176e+04
3.166886170218578649e-03 -9.589202983195574780e+04
3.272770759559481216e-03 -9.822969770564037026e+04
3.382195591794276077e-03 -1.005950570260802342e+05
3.495279034664920681e-03 -1.029861385569755512e+05
3.612143413529477973e-03 -1.054007830446569133e+05
3.732915143684721951e-03 -1.078376346419738402e+05
3.857724867112893516e-03 -1.102940695482584706e+05
3.986707593800617976e-03 -1.127673334198996163e+05
4.120002847782761740e-03 -1.152549708627854561e+05
4.257754818069308354e-03 -1.177547578232369124e+05
4.400112514618404608e-03 -1.202626350379077194e+05
4.547229929524409554e-03 -1.227773175117891660e+05
4.699266203595197679e-03 -1.252932989851494785e+05
4.856385798499019031e-03 -1.278077900811640575e+05
5.018758674667020935e-03 -1.303178976812877227e+05
5.186560475143959549e-03 -1.328182770086672972e+05
5.359972715585955248e-03 -1.353048285285809252e+05
5.539182980610755057e-03 -1.377744477622511622e+05
5.724385126713026593e-03 -1.402210883211305190e+05
5.915779491964028892e-03 -1.426395099692434596e+05
6.113573112722652143e-03 -1.450256302004199242e+05
6.317979947592099882e-03 -1.473724536456890055e+05
6.529221108864616957e-03 -1.496759985444558843e+05
6.747525101704480652e-03 -1.519293267155112117e+05
6.973128071328140755e-03 -1.541255423882177274e+05
7.206274058448705437e-03 -1.562589705659946776e+05
7.447215263261310406e-03 -1.583233442171663337e+05
7.696212318254701257e-03 -1.603111228292833548e+05
7.953534570144332738e-03 -1.622150262327690143e+05
8.219460371231864307e-03 -1.640277476091409626e+05
8.494277380506187053e-03 -1.657407094610862259e+05
8.778282874811823774e-03 -1.673473580295401334e+05
9.071784070421121463e-03 -1.688380989924991445e+05
9.375098455358292851e-03 -1.702057403599736572e+05
9.688554132834568261e-03 -1.714409256732100621e+05
1.001249017616620725e-02 -1.725352893166770227e+05
1.034725699555901803e-02 -1.734794879399524361e+05
1.069321671715643858e-02 -1.742651326400475227e+05
1.105074357476093505e-02 -1.748823309094689903e+05
1.142022431465263173e-02 -1.753226731519239256e+05
1.180205861394306721e-02 -1.755763889622038405e+05
1.219665951291643881e-02 -1.756351399099968257e+05
1.260445386182631328e-02 -1.754891522792042815e+05
1.302588278263077520e-02 -1.751304172297478071e+05
1.346140214616583890e-02 -1.745497805871820601e+05
1.391148306527291781e-02 -1.737392689593642135e+05
1.437661240441416924e-02 -1.726910412358509493e+05
1.485729330632660182e-02 -1.713977979810064426e+05
1.535404573628500365e-02 -1.698529138371851586e+05
1.586740704456205894e-02 -1.680514140246004099e+05
1.639793254769450481e-02 -1.659891596449505305e+05
1.694619612918364313e-02 -1.636609708747698460e+05
1.751279086028037155e-02 -1.610658948523638246e+05
1.809832964152614798e-02 -1.582026660683845112e+05
1.870344586574363213e-02 -1.550746809809771366e+05
1.932879410319460894e-02 -1.516812684282320843e+05
1.997505080964588620e-02 -1.480291084489635250e+05
2.064291505810955316e-02 -1.441283789732631703e+05
2.133310929504865505e-02 -1.399830559779852920e+05
2.204638012186681956e-02 -1.356119829653797788e+05
2.278349910252664909e-02 -1.310271186894802668e+05
2.354526359817107548e-02 -1.262470798497477663e+05
2.433249762964985810e-02 -1.212930675150177267e+05
2.514605276888498206e-02 -1.161911760860641225e+05
2.598680906003840441e-02 -1.109670764763448096e+05
2.685567597147924673e-02 -1.056525820880504034e+05
2.775359337957988490e-02 -1.002785019739444979e+05
2.868153258540498754e-02 -9.488222482232374023e+04
2.964049736539381419e-02 -8.949906453776883427e+04
3.063152505717161092e-02 -8.416884308686849545e+04
3.165568768166540647e-02 -7.892930115013144678e+04
3.271409310273729054e-02 -7.382299505945066630e+04
3.380788622559029871e-02 -6.888772947897980339e+04
3.493825023524253087e-02 -6.416087455907572439e+04
3.610640787640997940e-02 -5.967761560885579092e+04
3.731362277618164441e-02 -5.547115451241551636e+04
3.856120081091872487e-02 -5.156735317108111485e+04
3.985049151885547425e-02 -4.799070482329667720e+04
4.118288955993056055e-02 -4.475614317008016224e+04
4.255983622442782027e-02 -4.187567621311488620e+04
4.398282099205792772e-02 -3.934951135476285708e+04
4.545338314316834522e-02 -3.717328580728827365e+04
4.697311342382341770e-02 -3.533199291670381353e+04
4.854365576655684383e-02 -3.380252417402144056e+04
5.016670906865677154e-02 -3.255135893784276413e+04
5.184402902990837420e-02 -3.153845533223636448e+04
5.357743005178047802e-02 -3.071115124327812009e+04
5.536878720011212396e-02 -3.001086067530095170e+04
5.722003823342062395e-02 -2.937202495079736764e+04
5.913318569902666078e-02 -2.872316624254939597e+04
6.111029909926251474e-02 -2.799158590173768607e+04
6.315351713010779189e-02 -2.710629871290456140e+04
6.526504999467336310e-02 -2.600393975456749104e+04
6.744718179403717817e-02 -2.463502139082064969e+04
6.970227299801623477e-02 -2.296972871776577085e+04
7.203276299854979858e-02 -2.100490544660686646e+04
7.444117274845411802e-02 -1.876696860725519218e+04
7.693010748840443946e-02 -1.631648744574804368e+04
7.950225956509210379e-02 -1.374393375385800027e+04
8.216041134360790865e-02 -1.116463452236136436e+04
8.490743821719984319e-02 -8.706929697418241631e+03
8.774631171766281157e-02 -6.499503173739308295e+03
9.068010272972255870e-02 -4.656478874831653229e+03
9.371198481289348681e-02 -3.260243816872875868e+03
9.684523763440215649e-02 -2.353678619273143795e+03
1.000832505168899600e-01 -1.931853885319247411e+03
1.034295261047340625e-01 -1.943303042866690930e+03
1.068876841529496080e-01 -2.291219867582858569e+03
1.104614654427753945e-01 -2.842278604841382730e+03
1.141547358281756464e-01 -3.437401584539950363e+03
1.179714904176376727e-01 -3.907252390281642874e+03
1.219158578957853512e-01 -4.094093895104965668e+03
1.259921049894874856e-01 -3.882980260408170579e+03
1.302046410832891354e-01 -3.232496728833068119e+03
1.345580229891604751e-01 -2.198266403200780132e+03
1.390569598757198100e-01 -9.349189725221154958e+02
1.437063183622670492e-01 3.338901967039218448e+02
1.485111277831346888e-01 1.372741888646172356e+03
1.534765856280515817e-01 1.999445196481647827e+03
1.586080631644066208e-01 2.137842761582266121e+03
1.639111112474894438e-01 1.834833578945838781e+03
1.693914663249987407e-01 1.245271434829592863e+03
1.750550566423093313e-01 5.915761788699770705e+02
1.809080086552135869e-01 1.095930630027561108e+02
1.869566536570689830e-01 -1.688074096518258571e+01
1.932075346275276828e-01 2.634620006711332394e+02
1.996674133102498971e-01 8.572836786035306886e+02
2.063432775272630582e-01 1.520365956766694126e+03
2.132423487378718452e-01 1.982201485935747996e+03
2.203720898503036263e-01 2.085363109052689651e+03
2.277402132945338109e-01 1.826741224427162706e+03
2.353546893650253491e-01 1.390267854534412891e+03
2.432237548424092122e-01 1.004066526116179034e+03
2.513559219034258718e-01 8.740703251084675003e+02
2.597599873287743666e-01 1.029051568071399515e+03
2.684450420188219666e-01 1.336954998420062338e+03
2.774204808274743361e-01 1.561569828784482752e+03
2.866960127248350254e-01 1.554440300699190402e+03
2.962816712996577673e-01 1.345191682849016615e+03
3.061878256129444420e-01 1.098019208341156627e+03
3.164251914144354805e-01 9.877935704645547048e+02
3.270048427341168962e-01 1.047971999093236263e+03
3.379382238612947953e-01 1.160705621269451740e+03
3.492371617241852855e-01 1.181575887871538498e+03
3.609138786834163448e-01 1.077350923353516464e+03
3.729810057532814693e-01 9.433937556682250261e+02
3.854515962650386651e-01 8.860932410909556438e+02
3.983391399870480631e-01 9.055836146633084809e+02
4.116575777170102257e-01 9.145523321797994640e+02
4.254213163620995108e-01 8.603610729464190854e+02
4.396452445232932327e-01 7.835653277796039902e+02
4.543447486007690661e-01 7.433514890245768356e+02
4.695357294377799362e-01 7.330134760375614178e+02
4.852346195210218704e-01 7.067032755413746372e+02
5.014584007560848322e-01 6.582905294114307253e+02
5.182246228372336949e-01 6.189371136080653741e+02
5.355514222313770833e-01 5.958659296976743462e+02
5.534575417967635413e-01 5.683556195305385472e+02
5.719623510576314906e-01 5.333302171523447441e+02
5.910858671567322808e-01 5.044248206082676234e+02
6.108487765084068544e-01 4.803653139013236455e+02
6.312724571756275216e-01 4.531522829528346961e+02
6.523790019952193653e-01 4.268274725900374733e+02
6.741912424762606104e-01 4.039097224200558571e+02
6.967327734975364839e-01 3.807734336146181704e+02
7.200279788307419881e-01 3.585820938544755450e+02
7.441020575170596008e-01 3.379387696729575055e+02
7.689810511256225389e-01 3.180292388547408109e+02
7.946918719233755368e-01 2.991289273853009263e+02
8.212623319867858873e-01 2.812107115046501917e+02
8.487211732869031078e-01 2.641682924928522880e+02
8.770980987803161932e-01 2.480689588471310856e+02
9.064238045396205701e-01 2.327798987138839948e+02
9.367300129581793700e-01 2.183097747724589794e+02
9.680495070650749767e-01 2.046361896298157035e+02
1.000416165987385808e+00 1.917185530312445678e+02
1.033865001598128330e+00 1.795320007064993035e+02
1.068432196389532240e+00 1.680457917399694452e+02
1.104155142612600837e+00 1.572051422950351878e+02
1.141072482725305592e+00 1.470073131706585912e+02
1.179224151193147607e+00 1.373903024579733199e+02
1.218651417687333982e+00 1.283603158720440831e+02
1.259396931727273516e+00 1.198728931915764946e+02
1.301504768815691548e+00 1.118936210519379131e+02
1.345020478116276896e+00 1.044079764531904431e+02
1.389991131725407447e+00 9.738301929925728473e+01
1.436465375591293947e+00 9.079250220741167254e+01
1.484493482135585296e+00 8.461653791401690228e+01
1.534127404634392455e+00 7.883446014260375989e+01
1.585420833417506836e+00 7.342082986872321726e+01
1.638429253946665609e+00 6.835144959555472610e+01
1.693210006835640158e+00 6.361184105718713511e+01
1.749822349877109051e+00 5.917945803473199362e+01
1.808327522143368116e+00 5.503979525176924170e+01
1.868788810230267217e+00 5.117268137975718645e+01
1.931271616715998229e+00 4.756061653321572891e+01
1.995843530908793184e+00 4.419075920134727653e+01
2.062574401960084458e+00 4.104819656837504027e+01
2.131536414422164238e+00 3.811645019714130456e+01
2.202804166332139602e+00 3.538481126815274536e+01
2.276454749906602792e+00 3.283974044124066438e+01
2.352567834934338631e+00 3.046817545815400052e+01
2.431225754957225149e+00 2.826054930490004580e+01
2.512513596332623944e+00 2.620520125852779714e+01
2.596519290273538783e+00 2.429394834982883822e+01
2.683333707966161441e+00 2.251520417211009573e+01
2.773050758867611432e+00 2.086240626727686376e+01
2.865767492290306695e+00 1.932578885139973224e+01
2.961584202382770314e+00 1.789782406396673764e+01
3.060604536620467719e+00 1.657188147154122504e+01
3.162935607924048931e+00 1.534039898409025682e+01
3.268688110526199786e+00 1.419700207683724180e+01
3.377976439712552459e+00 1.313609615728267421e+01
3.490918815566087297e+00 1.215143025501768470e+01
3.607637410848952619e+00 1.123844964990834150e+01
3.728258483159945236e+00 1.039181333526232898e+01
3.852912511510727001e+00 9.606764956007468825e+00
3.981734337468417539e+00 8.879217509286322141e+00
4.114863311017320058e+00 8.205128821312225540e+00
4.252443441297450555e+00 7.580837055990711448e+00
4.394623552383071896e+00 7.002566214193250538e+00
4.541557444269631816e+00 6.467069024893350893e+00
4.693404059243289517e+00 5.971633833142379721e+00
4.850327653813030437e+00 5.513065034021072286e+00
5.012497976391239618e+00 5.088651386389765108e+00
5.180090450915090017e+00 4.696158941795359532e+00
5.353286366607249214e+00 4.333209130122531505e+00
5.532273074081278885e+00 3.997569014111097552e+00
5.717244188003695271e+00 3.687289542450807200e+00
5.908399796532135539e+00 3.400580693406237920e+00
6.105946677756002750e+00 3.135601403223308381e+00
6.310098523373801171e+00 2.890774933765987598e+00
6.521076169849157722e+00 2.664703770421632534e+00
6.739107837295406966e+00 2.455887755199238409e+00
6.964429376347387013e+00 2.263066236816752230e+00
7.197284523287298619e+00 2.085082788721511537e+00
7.437925163700752407e+00 1.920791393219650089e+00
7.686611604948010879e+00 1.769222336990790678e+00
7.943612857745410594e+00 1.629375340589151122e+00
8.209206927161357470e+00 1.500339773916570918e+00
8.483681113341843272e+00 1.381308588968229500e+00
8.767332322290526392e+00 1.271574976227708431e+00
9.060467387039910392e+00 1.170397320571767708e+00
9.363403399560734641e+00 1.077124226913691807e+00
9.676468053768756405e+00 9.911548524469220300e-01
1.000000000000001243e+01 9.119315398270094741e-01
