arp2 11.768194 13.416747 14.653162 -1.985605 -1.8097159 -1.6631416 28151.425 29612.485 31073.546 0.25105739 0.29106427 0.33107115 -0.026650593 0.13649906 0.32004242
ic4499 12.027506 12.802688 13.46713 -1.6852295 -1.5433947 -1.4488381 19229.729 19679.725 20129.721 0.60635379 0.63641641 0.66146859 -0.19036005 -0.093968387 0.079536609
lynga7 9.2788719 10.820156 12.939421 -0.99596744 -0.8782641 -0.73113492 8649.8731 9228.291 9806.709 2.1722839 2.2201236 2.2679633 -0.088909567 0.032268784 0.21403631
ngc0104 12.737816 13.536368 14.563076 -0.94477914 -0.80659452 -0.70789122 4365.55 4480.5276 4557.1793 0.036838108 0.062838662 0.088839217 0.033226484 0.19544769 0.31711359
ngc0288 10.529301 11.200618 11.871934 -1.5403127 -1.4256678 -1.2422359 9567.9385 9765.4926 9963.0467 0.024125921 0.054829342 0.089918965 0.17773775 0.3613499 0.52456069
ngc0362 10.672222 11.515978 12.359734 -1.4237717 -1.3030179 -1.1621385 8903.1849 9115.6006 9328.0163 0.03260143 0.058681926 0.089109171 -0.026609756 0.11615112 0.27930641
ngc1261 11.087931 11.536557 12.209496 -1.4399671 -1.3238711 -1.2077751 16466.697 16719.075 17097.642 0.0012634025 0.0012634025 0.029051935 -0.026817239 0.1157977 0.2787862
ngc1851 11.295893 12.273611 13.740188 -1.2646433 -1.138819 -1.0129948 11863.363 12187.799 12512.234 0.030693952 0.068466251 0.096795476 -0.090831058 0.048111202 0.18705346
ngc2298 13.266037 13.894298 14.773865 -2.1626903 -1.9998871 -1.8603416 10010.716 10232.035 10453.354 0.62035903 0.6464999 0.67264076 -0.026977928 0.17656869 0.29869667
ngc2808 9.9044626 10.933184 12.13336 -1.4375105 -1.3206301 -1.1803736 10457.665 10839.212 11220.759 0.55967142 0.59876043 0.63784944 -0.19080369 -0.062062905 0.029894802
ngc3201 11.867501 13.05276 14.106323 -1.7171915 -1.5713008 -1.4545883 4834.7251 4910.4061 5061.768 0.71375492 0.7429564 0.78675861 0.054623332 0.19720371 0.36015272
ngc4147 12.692943 13.023012 13.518116 -1.8859374 -1.7691699 -1.6290488 19243.148 19582.895 19922.641 0.021399689 0.041370826 0.061341963 0.054796307 0.21777128 0.40111813
ngc4590 11.490223 12.027106 12.563989 -2.3831966 -2.2770276 -2.1071572 10965.209 11219.308 11388.707 0.16348338 0.18057583 0.19766828 0.034550187 0.2589019 0.42206678
ngc4833 13.996795 14.691999 14.923734 -2.2388756 -2.0926466 -1.9464176 6789.5983 6911.1758 7093.5422 0.93640438 0.96502905 0.98888295 0.054835186 0.19751119 0.38095177
ngc5024 12.738977 13.306635 13.968902 -2.117877 -1.9467699 -1.8398281 18622.79 18992.612 19547.346 0.0070987048 0.026974459 0.041171426 0.1570028 0.34055489 0.48331762
ngc5053 13.257059 13.839355 14.338466 -2.4495858 -2.3285949 -2.1874389 17532.101 17820.704 18109.306 0.0055186953 0.018132485 0.02916955 -0.027031236 0.15611069 0.31890351
ngc5139 13.796811 14.906851 14.906851 -1.7680532 -1.63008 -1.5197014 5626.8654 5783.5421 5940.2188 0.33644081 0.35829145 0.38560474 -0.13332677 -7.8785659e-06 0.11426545
ngc5272 11.941008 12.599792 13.258577 -1.6601763 -1.5327047 -1.4264784 10135.558 10411.01 10594.645 0.0011105743 0.0011105743 0.02332191 0.034121067 0.25801981 0.3801464
ngc5286 13.482534 14.547988 14.903139 -1.8525613 -1.7071329 -1.5617045 11350.732 11619.134 12021.737 0.70199153 0.73354506 0.76509858 -0.15010279 -0.010392085 0.12931862
ngc5466 11.913409 12.312615 12.911423 -1.9644536 -1.8485947 -1.7095641 16303.684 16471.08 16861.669 0.00098431592 0.002952807 0.022637717 0.11631521 0.29997876 0.4836423
ngc5904 11.95162 12.746802 13.541983 -1.4557821 -1.2988631 -1.2007888 7362.65 7530.8949 7643.0581 0.038722617 0.07060403 0.093376468 -0.047238229 0.11568775 0.25824798
ngc5927 7.2018641 8.3305021 10.305619 -0.75425159 -0.62494099 -0.49563039 8474.8398 8866.2632 9061.9748 1.2770855 1.3457734 1.3715313 0.013943273 0.15656837 0.27881845
ngc5986 13.702115 14.822328 14.822328 -1.8220518 -1.659604 -1.5296458 10953.691 10953.691 11352.362 0.7902511 0.81936736 0.84848361 -0.027997209 0.19458629 0.25529089
ngc6093 13.10724 13.825342 14.782812 -1.9239899 -1.7921127 -1.6338601 10718.436 10973.582 11228.728 0.57720286 0.60675372 0.63630459 0.014265936 0.19791992 0.3407619
ngc6101 12.558302 13.218215 13.878128 -1.9642482 -1.8403452 -1.6916617 14563.556 14810.991 15182.143 0.27168455 0.29885844 0.33146712 0.13666907 0.29989759 0.4631261
ngc6121 12.001059 13.009147 14.017234 -1.3169068 -1.222859 -1.0661128 2003.417 2049.9414 2076.5268 1.1310722 1.1494762 1.1715611 0.34077915 0.44264684 0.56488806
ngc6144 13.358655 14.474262 14.892614 -1.9297972 -1.7554134 -1.6100936 8488.5288 8716.4514 8944.3739 1.2337454 1.2682887 1.302832 0.034692609 0.21836255 0.38162473
ngc6205 13.044199 13.490273 14.114777 -1.6337915 -1.4777114 -1.3996714 7671.664 7789.0985 7883.0461 0.0012266714 0.0012266714 0.025757601 -0.0061089138 0.075515019 0.3407928
ngc6218 13.999772 14.641493 14.926702 -1.6184654 -1.5102796 -1.3804566 5230.7571 5266.0227 5389.4526 0.53350286 0.55916063 0.5848184 0.05487782 0.27916318 0.38111108
ngc6254 12.05001 12.849441 13.648872 -1.8819996 -1.7501523 -1.618305 5591.4107 5709.0542 5850.2264 0.75281145 0.78363671 0.82062703 -0.12998487 0.090062609 0.19008419
ngc6304 6.8742277 8.6712641 10.4683 -0.76103916 -0.64222359 -0.4996449 6849.6482 7200.1354 7550.6225 1.51376 1.560846 1.6079321 -0.049065355 0.091806187 0.23267773
ngc6341 12.703828 13.300409 13.89699 -2.3767993 -2.2441273 -2.0925021 8765.7962 8935.1321 9138.3352 0.026754676 0.05193477 0.077114863 0.075504842 0.25917376 0.42243501
ngc6352 10.354157 11.927675 13.72598 -0.90617368 -0.81553502 -0.61159803 5463.1869 5644.7571 5871.7198 0.67586559 0.71879135 0.7617171 0.136741 0.25918149 0.44284223
ngc6362 12.969026 13.582354 14.400126 -1.225862 -1.1139973 -0.97017117 7608.2372 7687.3606 7871.9818 0.13509228 0.15560129 0.1761103 0.25954958 0.34110244 0.48381993
ngc6366 10.69368 12.151277 13.608874 -0.99884366 -0.87591836 -0.728408 3562.6328 3675.5727 3788.5127 2.1000502 2.1301363 2.1752654 -0.11031245 0.029199862 0.1886425
ngc6388 9.6510001 11.067335 13.191837 -0.90096118 -0.78676821 -0.62689806 12039.078 12647.419 13134.092 1.0489761 1.0922427 1.1355093 -0.1918586 -0.094161789 0.01981782
ngc6397 13.521982 14.213352 14.904721 -2.2514784 -2.0621545 -1.9201616 2606.1996 2654.3091 2702.4186 0.48310171 0.505228 0.53288586 0.014182736 0.17735687 0.36092777
ngc6426 12.793267 13.91798 14.88202 -2.3362905 -2.1599911 -1.9836917 20964.404 21985.458 22836.337 1.0880829 1.124979 1.1618751 -0.169711 -0.04858162 0.15330068
ngc6441 8.8195505 10.442133 13.223703 -0.77278227 -0.64882196 -0.52486165 13458.661 14375.419 15521.365 1.369094 1.4155276 1.4712478 -0.19144775 -0.10597343 0.013690614
ngc6496 9.2255677 10.864633 12.972002 -0.71759071 -0.57261173 -0.4897666 9587.1158 9879.5656 10318.24 0.64328957 0.68437213 0.73367119 -0.0062600824 0.11609776 0.2384556
ngc6535 12.748332 13.811062 14.873793 -2.0012473 -1.8201579 -1.6390684 6400.3934 6707.9111 7092.3081 1.1878034 1.2152403 1.2371899 -0.0062100515 0.19773847 0.34050244
ngc6541 12.865231 13.5105 14.370859 -2.09208 -1.9769704 -1.815817 7789.9935 7971.5307 8153.0679 0.31530071 0.34507433 0.38080268 0.1367572 0.30001378 0.48367743
ngc6584 12.066973 12.722499 13.48728 -1.7017634 -1.5628724 -1.44713 13813.144 14180.243 14424.976 0.21322001 0.24581355 0.27297483 -0.0064757798 0.17682919 0.31939972
ngc6624 9.9940658 11.262546 13.165266 -0.73686441 -0.61253169 -0.50892109 8118.4497 8530.4025 8859.9648 0.76995435 0.80246004 0.85121858 -0.19086896 -0.099564706 0.010000395
ngc6637 11.504332 12.853801 14.203271 -0.93721274 -0.83937939 -0.69262936 8798.1771 9088.7065 9379.2359 0.46512279 0.5012289 0.53733501 -0.072972983 0.08336277 0.22015655
ngc6652 12.122067 12.982722 14.531902 -0.99364623 -0.85547465 -0.73704188 9180.975 9574.1283 9967.2817 0.31088977 0.34573745 0.38058513 -0.026638351 0.17727679 0.32001738
ngc6656 13.568367 14.538098 14.901747 -1.8534356 -1.7035878 -1.5537401 3533.3756 3621.535 3709.6944 1.0015266 1.03548 1.0637745 -0.13018324 0.029395089 0.14907883
ngc6681 13.042257 13.872564 14.599082 -1.8229537 -1.6809827 -1.5390117 9393.6627 9664.3467 9880.8939 0.26399126 0.29270105 0.32141083 -0.0061383705 0.15709445 0.32032728
ngc6715 10.794404 12.223415 14.128762 -1.7269535 -1.5387188 -1.4132289 26668.115 28248.363 29828.612 0.3961981 0.43832514 0.48045219 -0.17104154 -0.035911704 0.099218134
ngc6717 9.9415497 11.650751 13.146303 -1.4465883 -1.2925234 -1.1384585 7568.4354 7911.7869 8512.6521 0.60935592 0.65821096 0.70706599 -0.0062663455 0.197646 0.31999341
ngc6723 12.906394 13.808981 14.510994 -1.210469 -1.0566341 -0.98670909 7977.9378 8140.9813 8304.0247 0.16828615 0.19569499 0.22310383 0.10789363 0.2382766 0.3314073
ngc6752 12.937163 13.477209 14.287278 -1.7065088 -1.5694745 -1.4324402 4281.5925 4339.2091 4425.634 0.1024484 0.12870262 0.15495684 0.074668382 0.25777258 0.40018696
ngc6779 14.085017 14.847919 14.924209 -2.288881 -2.1280315 -1.9872882 10735.229 10916.014 11187.191 0.66505515 0.68665426 0.70825338 -0.068470938 0.093401381 0.23503966
ngc6809 13.349692 13.928548 14.424711 -1.9165922 -1.8042212 -1.6918503 5413.234 5485.4117 5572.025 0.25705809 0.27943251 0.29733205 0.15706436 0.29977979 0.44249521
ngc6838 9.6236965 11.213927 12.804158 -1.0328697 -0.9078176 -0.75775511 4019.312 4158.4314 4367.1106 0.68000291 0.72179462 0.77194466 -0.026930791 0.1562991 0.29881124
ngc6934 12.531041 13.24264 13.954239 -1.6840008 -1.5425041 -1.4616489 15700.99 15991.884 16379.742 0.24935819 0.27703021 0.30009023 0.028752707 0.20775718 0.32709349
ngc6981 12.036438 12.724788 13.413139 -1.6096604 -1.468225 -1.3503622 16751.193 17075.696 17562.449 0.097804446 0.11811221 0.13841998 0.014161742 0.21812446 0.36089836
ngc7006 12.17975 13.178629 14.320205 -1.6937263 -1.512863 -1.3922874 38376.859 39781.888 41889.433 0.21407186 0.24048776 0.26690367 -0.17016818 0.028658345 0.12807161
ngc7078 12.56511 13.279181 14.095262 -2.4918886 -2.3621127 -2.2810028 10920.197 11252.361 11473.805 0.2159306 0.24617176 0.27036469 -0.027090334 0.17632913 0.31872276
ngc7089 12.223913 13.075811 13.927708 -1.79385 -1.65344 -1.51303 11753.666 12048.254 12401.761 0.10813218 0.13859166 0.16905114 0.013845086 0.1767744 0.33970371
ngc7099 12.324272 12.823662 13.156589 -2.367166 -2.224118 -2.1015055 8824.0148 8958.6107 9120.1259 0.11502464 0.14241703 0.15953727 0.13673545 0.34081452 0.48366987
palomar1 6.2626259 8.1958329 12.062247 -0.85667808 -0.68918761 -0.52169715 10664.685 11443.096 12221.506 0.41824021 0.46791481 0.51758941 -0.16982151 -0.04912167 0.11181145
palomar12 9.2080646 9.9421231 10.859696 -0.9903698 -0.85686112 -0.72335244 18202.346 18620.488 19247.702 0.033275894 0.077643268 0.10426369 -0.15035185 -0.011346021 0.1276598
palomar15 12.216998 13.974 14.852502 -2.2485871 -2.0633646 -1.8781421 45309.475 49349.043 53388.611 1.1700624 1.2111825 1.2440785 -0.16945163 -0.0065306544 0.1360252
pyxis 11.556206 14.836194 14.836194 -1.2722633 -1.1251589 -0.90450233 34830.324 38292.387 41062.037 0.65299946 0.69539241 0.74838359 -0.087820409 0.11614059 0.25891328
ruprecht106 9.7470711 11.300452 12.853832 -1.7452333 -1.6155419 -1.4858505 21219.45 21950.354 22681.258 0.52780331 0.56054448 0.59328565 -0.089642184 0.070869933 0.21131804
terzan7 6.7051711 8.103066 10.060119 -0.66489834 -0.52542507 -0.47893399 22520.099 23653.906 25071.166 0.1531051 0.20559203 0.25807896 -0.19222921 -0.083438505 0.0098106682
terzan8 12.703122 13.477711 14.381397 -2.3468798 -2.2243998 -2.0610932 27947.536 28737.432 29724.802 0.31762898 0.34774656 0.37786415 0.1775503 0.34080175 0.52445965
