Z00010 0.0083 0.0184 0.0295 0.0397 0.0535 0.0656 0.0835 0.1006 
Z00010 0.0103 0.0204 0.0289 0.0416 0.0554 0.0676 0.0854 0.1026 
Z00010 0.0103 0.0180 0.0289 0.0416 0.0554 0.0676 0.0825 0.1026 
Z00010 0.0082 0.0180 0.0289 0.0416 0.0526 0.0676 0.0825 0.0996 
Z00010 0.0082 0.0180 0.0289 0.0416 0.0526 0.0676 0.0825 0.0996 
Z00010 0.0082 0.0180 0.0289 0.0389 0.0526 0.0676 0.0825 0.0996 
Z00010 0.0082 0.0180 0.0289 0.0389 0.0526 0.0676 0.0825 0.0996 
Z00010 0.0082 0.0180 0.0289 0.0389 0.0526 0.0647 0.0825 0.0996 
Z00010 0.0102 0.0177 0.0284 0.0409 0.0546 0.0666 0.0814 0.1016 
Z00010 0.0102 0.0177 0.0284 0.0409 0.0518 0.0666 0.0814 0.0985 
Z00010 0.0080 0.0177 0.0284 0.0409 0.0518 0.0666 0.0814 0.0985 
Z00010 0.0080 0.0177 0.0284 0.0409 0.0518 0.0666 0.0814 0.0985 
Z00010 0.0080 0.0177 0.0284 0.0382 0.0518 0.0666 0.0814 0.0985 
Z00010 0.0080 0.0177 0.0284 0.0382 0.0518 0.0666 0.0814 0.0985 
Z00010 0.0080 0.0177 0.0284 0.0382 0.0518 0.0637 0.0814 0.0985 
Z00010 0.0101 0.0197 0.0278 0.0402 0.0539 0.0657 0.0803 0.1006 
Z00010 0.0101 0.0174 0.0278 0.0402 0.0509 0.0657 0.0803 0.0974 
Z00010 0.0080 0.0174 0.0278 0.0402 0.0509 0.0657 0.0803 0.0974 
Z00010 0.0080 0.0174 0.0278 0.0402 0.0509 0.0657 0.0803 0.0974 
Z00010 0.0080 0.0174 0.0278 0.0375 0.0509 0.0657 0.0803 0.0974 
