Z00025 0.0120 0.0232 0.0335 0.0426 0.0519 0.0610 0.0687 0.0768 
Z00025 0.0132 0.0232 0.0335 0.0436 0.0530 0.0610 0.0697 0.0778 
Z00025 0.0120 0.0231 0.0334 0.0424 0.0518 0.0608 0.0685 0.0766 
Z00025 0.0131 0.0231 0.0334 0.0435 0.0528 0.0608 0.0695 0.0777 
Z00025 0.0119 0.0230 0.0333 0.0423 0.0516 0.0606 0.0683 0.0765 
Z00025 0.0131 0.0230 0.0333 0.0433 0.0526 0.0606 0.0693 0.0765 
Z00025 0.0119 0.0229 0.0332 0.0421 0.0515 0.0605 0.0681 0.0763 
Z00025 0.0130 0.0229 0.0332 0.0432 0.0515 0.0605 0.0691 0.0763 
Z00025 0.0118 0.0228 0.0331 0.0420 0.0513 0.0603 0.0679 0.0761 
Z00025 0.0118 0.0228 0.0331 0.0431 0.0513 0.0603 0.0690 0.0761 
Z00025 0.0118 0.0228 0.0330 0.0418 0.0512 0.0591 0.0677 0.0759 
Z00025 0.0118 0.0228 0.0330 0.0429 0.0512 0.0602 0.0677 0.0759 
Z00025 0.0117 0.0227 0.0318 0.0417 0.0510 0.0589 0.0676 0.0757 
Z00025 0.0117 0.0227 0.0329 0.0417 0.0510 0.0600 0.0676 0.0757 
Z00025 0.0116 0.0226 0.0316 0.0416 0.0509 0.0588 0.0674 0.0745 
Z00025 0.0116 0.0226 0.0328 0.0416 0.0509 0.0599 0.0674 0.0755 
Z00025 0.0116 0.0213 0.0316 0.0415 0.0508 0.0586 0.0672 0.0743 
Z00025 0.0116 0.0225 0.0327 0.0415 0.0508 0.0597 0.0672 0.0754 
Z00025 0.0115 0.0212 0.0315 0.0413 0.0495 0.0585 0.0671 0.0741 
Z00025 0.0115 0.0224 0.0326 0.0413 0.0506 0.0585 0.0671 0.0752 
