Z00025 0.0132 0.0285 0.0436 0.0616 0.0820 0.1053 0.1322 0.1640 
Z00025 0.0132 0.0272 0.0436 0.0601 0.0820 0.1053 0.1307 0.1640 
Z00025 0.0132 0.0284 0.0435 0.0613 0.0818 0.1051 0.1319 0.1637 
Z00025 0.0132 0.0270 0.0435 0.0599 0.0802 0.1036 0.1305 0.1622 
Z00025 0.0131 0.0269 0.0433 0.0611 0.0815 0.1048 0.1302 0.1618 
Z00025 0.0131 0.0269 0.0419 0.0597 0.0800 0.1033 0.1302 0.1618 
Z00025 0.0131 0.0268 0.0431 0.0609 0.0812 0.1045 0.1298 0.1613 
Z00025 0.0131 0.0268 0.0417 0.0594 0.0796 0.1029 0.1282 0.1597 
Z00025 0.0131 0.0267 0.0429 0.0606 0.0809 0.1026 0.1294 0.1609 
Z00025 0.0131 0.0267 0.0415 0.0592 0.0793 0.1026 0.1279 0.1592 
Z00025 0.0130 0.0266 0.0428 0.0604 0.0790 0.1022 0.1291 0.1587 
Z00025 0.0130 0.0266 0.0414 0.0589 0.0790 0.1022 0.1275 0.1587 
Z00025 0.0129 0.0265 0.0426 0.0601 0.0786 0.1019 0.1287 0.1582 
Z00025 0.0129 0.0265 0.0413 0.0586 0.0786 0.1019 0.1271 0.1582 
Z00025 0.0129 0.0265 0.0425 0.0599 0.0783 0.1014 0.1266 0.1576 
Z00025 0.0129 0.0265 0.0412 0.0584 0.0783 0.1014 0.1266 0.1558 
Z00025 0.0129 0.0277 0.0424 0.0596 0.0779 0.1009 0.1262 0.1570 
Z00025 0.0129 0.0264 0.0410 0.0582 0.0779 0.0993 0.1262 0.1552 
Z00025 0.0128 0.0276 0.0422 0.0594 0.0775 0.1006 0.1258 0.1565 
Z00025 0.0128 0.0263 0.0408 0.0580 0.0775 0.0989 0.1258 0.1546 
