Z00010 0.0184 0.0355 0.0515 0.0668 0.0800 0.0924 0.1041 0.1147 
Z00010 0.0184 0.0355 0.0515 0.0668 0.0799 0.0922 0.1034 0.1146 
Z00010 0.0183 0.0354 0.0514 0.0661 0.0797 0.0920 0.1032 0.1144 
Z00010 0.0183 0.0354 0.0514 0.0661 0.0796 0.0913 0.1030 0.1142 
Z00010 0.0183 0.0354 0.0513 0.0660 0.0794 0.0912 0.1028 0.1135 
Z00010 0.0183 0.0353 0.0513 0.0660 0.0788 0.0911 0.1027 0.1133 
Z00010 0.0183 0.0353 0.0513 0.0660 0.0786 0.0909 0.1020 0.1131 
Z00010 0.0183 0.0353 0.0506 0.0659 0.0785 0.0907 0.1018 0.1130 
Z00010 0.0182 0.0347 0.0506 0.0658 0.0783 0.0900 0.1017 0.1122 
Z00010 0.0183 0.0346 0.0505 0.0651 0.0776 0.0899 0.1015 0.1120 
Z00010 0.0183 0.0346 0.0505 0.0650 0.0775 0.0897 0.1008 0.1118 
Z00010 0.0182 0.0346 0.0504 0.0648 0.0774 0.0890 0.1005 0.1110 
Z00010 0.0176 0.0345 0.0504 0.0641 0.0766 0.0888 0.1003 0.1108 
Z00010 0.0176 0.0345 0.0497 0.0640 0.0765 0.0886 0.0996 0.1101 
Z00010 0.0175 0.0338 0.0497 0.0639 0.0764 0.0879 0.0994 0.1099 
Z00010 0.0182 0.0344 0.0503 0.0644 0.0763 0.0883 0.0998 0.1103 
Z00010 0.0181 0.0344 0.0502 0.0637 0.0762 0.0881 0.0990 0.1095 
Z00010 0.0175 0.0344 0.0496 0.0636 0.0760 0.0874 0.0988 0.1093 
Z00010 0.0175 0.0337 0.0495 0.0629 0.0753 0.0872 0.0980 0.1085 
Z00010 0.0175 0.0337 0.0494 0.0627 0.0751 0.0870 0.0978 0.1083 
