Z00010 0.0112 0.0208 0.0306 0.0394 0.0487 0.0576 0.0651 0.0732 
Z00010 0.0112 0.0219 0.0317 0.0405 0.0497 0.0576 0.0662 0.0732 
Z00010 0.0100 0.0207 0.0305 0.0392 0.0485 0.0575 0.0650 0.0730 
Z00010 0.0112 0.0218 0.0305 0.0403 0.0485 0.0575 0.0661 0.0730 
Z00010 0.0099 0.0206 0.0304 0.0391 0.0483 0.0562 0.0648 0.0729 
Z00010 0.0111 0.0206 0.0304 0.0402 0.0483 0.0573 0.0659 0.0729 
Z00010 0.0111 0.0217 0.0315 0.0402 0.0494 0.0573 0.0659 0.0739 
Z00010 0.0110 0.0204 0.0302 0.0400 0.0481 0.0571 0.0647 0.0726 
Z00010 0.0110 0.0216 0.0313 0.0400 0.0493 0.0571 0.0658 0.0726 
Z00010 0.0110 0.0204 0.0301 0.0400 0.0480 0.0571 0.0646 0.0725 
Z00010 0.0110 0.0215 0.0313 0.0400 0.0492 0.0571 0.0657 0.0725 
Z00010 0.0109 0.0203 0.0301 0.0387 0.0480 0.0558 0.0645 0.0724 
Z00010 0.0109 0.0215 0.0301 0.0399 0.0480 0.0570 0.0645 0.0724 
Z00010 0.0097 0.0202 0.0300 0.0386 0.0479 0.0557 0.0644 0.0723 
Z00010 0.0109 0.0202 0.0300 0.0398 0.0479 0.0569 0.0644 0.0723 
Z00010 0.0109 0.0214 0.0312 0.0398 0.0491 0.0569 0.0655 0.0723 
Z00010 0.0109 0.0202 0.0299 0.0386 0.0478 0.0569 0.0642 0.0722 
Z00010 0.0109 0.0214 0.0311 0.0397 0.0478 0.0569 0.0654 0.0722 
Z00010 0.0109 0.0201 0.0298 0.0385 0.0477 0.0556 0.0641 0.0709 
Z00010 0.0109 0.0213 0.0298 0.0397 0.0477 0.0568 0.0641 0.0721 
