Z00010 0.0125 0.0265 0.0413 0.0566 0.0730 0.0933 0.1168 0.1436 
Z00010 0.0125 0.0252 0.0399 0.0552 0.0730 0.0933 0.1152 0.1420 
Z00010 0.0125 0.0264 0.0412 0.0565 0.0729 0.0930 0.1165 0.1417 
Z00010 0.0125 0.0251 0.0398 0.0551 0.0729 0.0930 0.1150 0.1417 
Z00010 0.0124 0.0263 0.0411 0.0564 0.0727 0.0928 0.1162 0.1413 
Z00010 0.0124 0.0250 0.0397 0.0550 0.0727 0.0913 0.1147 0.1413 
Z00010 0.0111 0.0250 0.0397 0.0550 0.0713 0.0913 0.1147 0.1397 
Z00010 0.0124 0.0250 0.0397 0.0549 0.0726 0.0911 0.1143 0.1410 
Z00010 0.0124 0.0250 0.0397 0.0549 0.0712 0.0911 0.1128 0.1394 
Z00010 0.0123 0.0248 0.0395 0.0547 0.0724 0.0908 0.1140 0.1389 
Z00010 0.0123 0.0248 0.0395 0.0547 0.0710 0.0908 0.1124 0.1389 
Z00010 0.0122 0.0261 0.0394 0.0545 0.0722 0.0905 0.1136 0.1385 
Z00010 0.0122 0.0247 0.0394 0.0545 0.0708 0.0905 0.1120 0.1385 
Z00010 0.0121 0.0259 0.0392 0.0543 0.0720 0.0902 0.1133 0.1380 
Z00010 0.0121 0.0246 0.0392 0.0543 0.0705 0.0902 0.1117 0.1380 
Z00010 0.0108 0.0246 0.0378 0.0529 0.0705 0.0886 0.1117 0.1363 
Z00010 0.0120 0.0244 0.0391 0.0541 0.0703 0.0899 0.1113 0.1375 
Z00010 0.0107 0.0244 0.0377 0.0541 0.0703 0.0883 0.1113 0.1358 
Z00010 0.0120 0.0243 0.0389 0.0539 0.0701 0.0895 0.1109 0.1371 
Z00010 0.0120 0.0243 0.0389 0.0539 0.0701 0.0879 0.1109 0.1353 
