Z00040 0.0092 0.0171 0.0244 0.0335 0.0399 0.0461 0.0522 0.0598 
Z00040 0.0092 0.0171 0.0264 0.0335 0.0399 0.0461 0.0540 0.0598 
Z00040 0.0092 0.0171 0.0264 0.0335 0.0399 0.0480 0.0540 0.0598 
Z00040 0.0092 0.0171 0.0264 0.0335 0.0399 0.0480 0.0540 0.0598 
Z00040 0.0092 0.0192 0.0264 0.0335 0.0419 0.0480 0.0540 0.0598 
Z00040 0.0091 0.0171 0.0243 0.0314 0.0398 0.0459 0.0519 0.0578 
Z00040 0.0091 0.0171 0.0243 0.0314 0.0398 0.0459 0.0519 0.0578 
Z00040 0.0091 0.0171 0.0243 0.0334 0.0398 0.0459 0.0519 0.0597 
Z00040 0.0091 0.0171 0.0264 0.0334 0.0398 0.0459 0.0540 0.0597 
Z00040 0.0091 0.0171 0.0264 0.0334 0.0398 0.0479 0.0540 0.0597 
Z00040 0.0091 0.0192 0.0264 0.0334 0.0398 0.0479 0.0540 0.0597 
Z00040 0.0070 0.0170 0.0242 0.0312 0.0397 0.0458 0.0518 0.0575 
Z00040 0.0091 0.0170 0.0242 0.0312 0.0397 0.0458 0.0518 0.0575 
Z00040 0.0091 0.0170 0.0242 0.0312 0.0397 0.0458 0.0518 0.0575 
Z00040 0.0091 0.0170 0.0242 0.0334 0.0397 0.0458 0.0518 0.0595 
Z00040 0.0091 0.0170 0.0264 0.0334 0.0397 0.0458 0.0539 0.0595 
Z00040 0.0091 0.0170 0.0264 0.0334 0.0397 0.0479 0.0539 0.0595 
Z00040 0.0091 0.0192 0.0264 0.0334 0.0397 0.0479 0.0539 0.0595 
Z00040 0.0069 0.0170 0.0242 0.0311 0.0397 0.0456 0.0516 0.0573 
Z00040 0.0092 0.0170 0.0242 0.0311 0.0397 0.0456 0.0516 0.0573 
