Z00040 0.0256 0.0481 0.0674 0.0852 0.1013 0.1165 0.1302 0.1428 
Z00040 0.0256 0.0474 0.0667 0.0844 0.1005 0.1157 0.1294 0.1419 
Z00040 0.0255 0.0473 0.0666 0.0843 0.1003 0.1155 0.1291 0.1417 
Z00040 0.0254 0.0465 0.0663 0.0835 0.0995 0.1147 0.1282 0.1408 
Z00040 0.0247 0.0464 0.0656 0.0827 0.0992 0.1138 0.1273 0.1398 
Z00040 0.0253 0.0463 0.0654 0.0826 0.0991 0.1136 0.1271 0.1396 
Z00040 0.0246 0.0456 0.0647 0.0824 0.0983 0.1128 0.1262 0.1387 
Z00040 0.0245 0.0455 0.0645 0.0822 0.0981 0.1126 0.1260 0.1384 
Z00040 0.0251 0.0461 0.0644 0.0821 0.0980 0.1124 0.1258 0.1382 
Z00040 0.0244 0.0452 0.0641 0.0812 0.0970 0.1115 0.1248 0.1367 
Z00040 0.0244 0.0452 0.0640 0.0811 0.0969 0.1113 0.1246 0.1364 
Z00040 0.0237 0.0444 0.0633 0.0803 0.0960 0.1105 0.1237 0.1355 
Z00040 0.0242 0.0443 0.0631 0.0801 0.0958 0.1102 0.1229 0.1352 
Z00040 0.0242 0.0443 0.0630 0.0800 0.0957 0.1100 0.1227 0.1349 
Z00040 0.0235 0.0435 0.0622 0.0791 0.0948 0.1091 0.1217 0.1339 
Z00040 0.0234 0.0434 0.0621 0.0789 0.0946 0.1088 0.1215 0.1331 
Z00040 0.0234 0.0433 0.0620 0.0788 0.0944 0.1080 0.1212 0.1329 
Z00040 0.0234 0.0432 0.0618 0.0786 0.0936 0.1078 0.1204 0.1326 
Z00040 0.0227 0.0424 0.0610 0.0778 0.0928 0.1069 0.1195 0.1316 
Z00040 0.0226 0.0423 0.0609 0.0776 0.0925 0.1066 0.1192 0.1308 
