Z00015 0.0092 0.0169 0.0237 0.0306 0.0384 0.0445 0.0505 0.0565 
Z00015 0.0092 0.0169 0.0237 0.0323 0.0384 0.0445 0.0505 0.0583 
Z00015 0.0073 0.0150 0.0218 0.0304 0.0365 0.0426 0.0504 0.0564 
Z00015 0.0073 0.0150 0.0235 0.0304 0.0365 0.0426 0.0504 0.0564 
Z00015 0.0073 0.0150 0.0235 0.0304 0.0365 0.0444 0.0504 0.0564 
Z00015 0.0073 0.0167 0.0235 0.0304 0.0365 0.0444 0.0504 0.0564 
Z00015 0.0092 0.0167 0.0235 0.0304 0.0382 0.0444 0.0504 0.0564 
Z00015 0.0092 0.0167 0.0235 0.0304 0.0382 0.0444 0.0504 0.0564 
Z00015 0.0092 0.0167 0.0235 0.0304 0.0382 0.0444 0.0504 0.0584 
Z00015 0.0072 0.0148 0.0216 0.0302 0.0363 0.0424 0.0505 0.0565 
Z00015 0.0072 0.0148 0.0234 0.0302 0.0363 0.0424 0.0505 0.0565 
Z00015 0.0072 0.0148 0.0234 0.0302 0.0363 0.0445 0.0505 0.0565 
Z00015 0.0072 0.0166 0.0234 0.0302 0.0363 0.0445 0.0505 0.0565 
Z00015 0.0091 0.0166 0.0234 0.0302 0.0383 0.0445 0.0505 0.0565 
Z00015 0.0091 0.0166 0.0234 0.0302 0.0383 0.0445 0.0505 0.0565 
Z00015 0.0091 0.0166 0.0234 0.0302 0.0383 0.0445 0.0505 0.0565 
Z00015 0.0071 0.0146 0.0214 0.0303 0.0363 0.0425 0.0485 0.0566 
Z00015 0.0071 0.0146 0.0234 0.0303 0.0363 0.0425 0.0507 0.0566 
Z00015 0.0071 0.0146 0.0234 0.0303 0.0363 0.0448 0.0507 0.0566 
Z00015 0.0071 0.0167 0.0234 0.0303 0.0363 0.0448 0.0507 0.0566 
