Z00025 0.0216 0.0413 0.0588 0.0752 0.0904 0.1041 0.1167 0.1283 
Z00025 0.0215 0.0413 0.0588 0.0751 0.0902 0.1039 0.1165 0.1281 
Z00025 0.0215 0.0406 0.0581 0.0743 0.0895 0.1030 0.1156 0.1273 
Z00025 0.0214 0.0405 0.0585 0.0747 0.0893 0.1028 0.1154 0.1265 
Z00025 0.0214 0.0405 0.0585 0.0746 0.0892 0.1026 0.1152 0.1263 
Z00025 0.0208 0.0404 0.0578 0.0739 0.0885 0.1018 0.1139 0.1254 
Z00025 0.0213 0.0404 0.0576 0.0737 0.0883 0.1016 0.1137 0.1252 
Z00025 0.0213 0.0403 0.0576 0.0736 0.0882 0.1014 0.1135 0.1250 
Z00025 0.0213 0.0402 0.0575 0.0735 0.0881 0.1012 0.1132 0.1247 
Z00025 0.0206 0.0395 0.0567 0.0727 0.0872 0.1004 0.1123 0.1238 
Z00025 0.0206 0.0395 0.0567 0.0726 0.0871 0.1002 0.1121 0.1230 
Z00025 0.0205 0.0393 0.0564 0.0723 0.0868 0.0993 0.1117 0.1226 
Z00025 0.0205 0.0392 0.0564 0.0722 0.0866 0.0991 0.1110 0.1224 
Z00025 0.0204 0.0391 0.0563 0.0720 0.0859 0.0988 0.1107 0.1221 
Z00025 0.0204 0.0391 0.0562 0.0719 0.0858 0.0986 0.1105 0.1213 
Z00025 0.0204 0.0390 0.0561 0.0712 0.0856 0.0984 0.1102 0.1211 
Z00025 0.0203 0.0390 0.0560 0.0710 0.0854 0.0976 0.1094 0.1208 
Z00025 0.0202 0.0388 0.0552 0.0709 0.0851 0.0973 0.1091 0.1205 
Z00025 0.0202 0.0388 0.0551 0.0707 0.0844 0.0971 0.1089 0.1197 
Z00025 0.0202 0.0387 0.0551 0.0706 0.0842 0.0969 0.1081 0.1194 
