Z00040 0.0144 0.0298 0.0466 0.0667 0.0895 0.1157 0.1469 0.1835 
Z00040 0.0144 0.0297 0.0478 0.0679 0.0907 0.1157 0.1468 0.1838 
Z00040 0.0143 0.0309 0.0477 0.0678 0.0905 0.1155 0.1466 0.1837 
Z00040 0.0143 0.0297 0.0477 0.0664 0.0892 0.1155 0.1452 0.1825 
Z00040 0.0143 0.0309 0.0476 0.0677 0.0904 0.1153 0.1449 0.1824 
Z00040 0.0143 0.0296 0.0463 0.0662 0.0890 0.1139 0.1449 0.1810 
Z00040 0.0143 0.0295 0.0475 0.0675 0.0888 0.1151 0.1447 0.1807 
Z00040 0.0143 0.0295 0.0461 0.0661 0.0888 0.1137 0.1431 0.1807 
Z00040 0.0143 0.0295 0.0474 0.0659 0.0885 0.1135 0.1444 0.1805 
Z00040 0.0143 0.0295 0.0460 0.0659 0.0870 0.1135 0.1428 0.1790 
Z00040 0.0142 0.0294 0.0473 0.0656 0.0883 0.1132 0.1424 0.1788 
Z00040 0.0142 0.0294 0.0459 0.0656 0.0868 0.1116 0.1407 0.1788 
Z00040 0.0142 0.0293 0.0471 0.0654 0.0881 0.1129 0.1420 0.1784 
Z00040 0.0142 0.0293 0.0457 0.0654 0.0865 0.1113 0.1403 0.1768 
Z00040 0.0142 0.0292 0.0470 0.0653 0.0878 0.1126 0.1415 0.1764 
Z00040 0.0142 0.0292 0.0456 0.0653 0.0863 0.1110 0.1398 0.1764 
Z00040 0.0142 0.0291 0.0469 0.0650 0.0875 0.1123 0.1393 0.1759 
Z00040 0.0142 0.0291 0.0455 0.0635 0.0860 0.1107 0.1393 0.1741 
Z00040 0.0142 0.0291 0.0468 0.0648 0.0857 0.1104 0.1389 0.1754 
Z00040 0.0142 0.0291 0.0453 0.0632 0.0857 0.1104 0.1389 0.1736 
