Z00025 0.0105 0.0197 0.0316 0.0436 0.0581 0.0728 0.0913 0.1091 
Z00025 0.0105 0.0197 0.0316 0.0436 0.0581 0.0728 0.0883 0.1091 
Z00025 0.0083 0.0197 0.0316 0.0436 0.0554 0.0728 0.0883 0.1091 
Z00025 0.0083 0.0197 0.0292 0.0436 0.0554 0.0699 0.0883 0.1091 
Z00025 0.0083 0.0197 0.0292 0.0411 0.0554 0.0699 0.0883 0.1060 
Z00025 0.0083 0.0174 0.0292 0.0411 0.0554 0.0699 0.0883 0.1060 
Z00025 0.0103 0.0194 0.0311 0.0431 0.0574 0.0719 0.0903 0.1080 
Z00025 0.0103 0.0194 0.0311 0.0431 0.0574 0.0719 0.0872 0.1080 
Z00025 0.0103 0.0194 0.0311 0.0431 0.0547 0.0719 0.0872 0.1080 
Z00025 0.0081 0.0194 0.0311 0.0431 0.0547 0.0689 0.0872 0.1080 
Z00025 0.0081 0.0194 0.0287 0.0405 0.0547 0.0689 0.0872 0.1048 
Z00025 0.0081 0.0194 0.0287 0.0405 0.0547 0.0689 0.0872 0.1048 
Z00025 0.0081 0.0171 0.0287 0.0405 0.0547 0.0689 0.0872 0.1048 
Z00025 0.0102 0.0191 0.0308 0.0425 0.0568 0.0710 0.0862 0.1068 
Z00025 0.0102 0.0191 0.0308 0.0425 0.0568 0.0710 0.0862 0.1068 
Z00025 0.0102 0.0191 0.0308 0.0425 0.0540 0.0681 0.0862 0.1068 
Z00025 0.0080 0.0191 0.0308 0.0425 0.0540 0.0681 0.0862 0.1068 
Z00025 0.0080 0.0191 0.0283 0.0399 0.0540 0.0681 0.0862 0.1035 
Z00025 0.0080 0.0191 0.0283 0.0399 0.0540 0.0681 0.0862 0.1035 
Z00025 0.0080 0.0167 0.0283 0.0399 0.0540 0.0681 0.0862 0.1035 
