Z00015 0.0124 0.0258 0.0407 0.0569 0.0765 0.0970 0.1214 0.1490 
Z00015 0.0124 0.0270 0.0419 0.0581 0.0763 0.0982 0.1226 0.1502 
Z00015 0.0124 0.0257 0.0405 0.0567 0.0748 0.0967 0.1211 0.1486 
Z00015 0.0124 0.0269 0.0418 0.0580 0.0760 0.0979 0.1207 0.1499 
Z00015 0.0124 0.0256 0.0404 0.0565 0.0745 0.0964 0.1207 0.1483 
Z00015 0.0123 0.0268 0.0416 0.0578 0.0757 0.0960 0.1203 0.1479 
Z00015 0.0123 0.0256 0.0403 0.0564 0.0741 0.0960 0.1203 0.1479 
Z00015 0.0123 0.0268 0.0415 0.0576 0.0754 0.0957 0.1199 0.1475 
Z00015 0.0123 0.0255 0.0401 0.0561 0.0738 0.0957 0.1199 0.1475 
Z00015 0.0123 0.0255 0.0401 0.0561 0.0738 0.0940 0.1183 0.1459 
Z00015 0.0123 0.0254 0.0400 0.0559 0.0735 0.0953 0.1196 0.1454 
Z00015 0.0123 0.0254 0.0400 0.0559 0.0735 0.0937 0.1179 0.1454 
Z00015 0.0122 0.0254 0.0400 0.0557 0.0732 0.0949 0.1175 0.1449 
Z00015 0.0122 0.0254 0.0400 0.0557 0.0732 0.0933 0.1175 0.1449 
Z00015 0.0122 0.0253 0.0399 0.0555 0.0729 0.0945 0.1170 0.1444 
Z00015 0.0122 0.0253 0.0399 0.0555 0.0729 0.0928 0.1170 0.1444 
Z00015 0.0121 0.0252 0.0397 0.0553 0.0725 0.0940 0.1165 0.1439 
Z00015 0.0121 0.0252 0.0397 0.0553 0.0725 0.0924 0.1165 0.1439 
Z00015 0.0120 0.0250 0.0395 0.0551 0.0722 0.0936 0.1161 0.1434 
Z00015 0.0120 0.0250 0.0395 0.0551 0.0722 0.0919 0.1161 0.1434 
