Z00010 0.0092 0.0163 0.0249 0.0317 0.0380 0.0442 0.0521 0.0577 
Z00010 0.0072 0.0144 0.0229 0.0298 0.0361 0.0423 0.0501 0.0558 
Z00010 0.0072 0.0162 0.0229 0.0298 0.0361 0.0442 0.0501 0.0558 
Z00010 0.0072 0.0162 0.0229 0.0298 0.0361 0.0442 0.0501 0.0558 
Z00010 0.0072 0.0162 0.0229 0.0298 0.0379 0.0442 0.0501 0.0558 
Z00010 0.0091 0.0162 0.0229 0.0298 0.0379 0.0442 0.0501 0.0558 
Z00010 0.0091 0.0162 0.0229 0.0316 0.0379 0.0442 0.0501 0.0578 
Z00010 0.0091 0.0162 0.0248 0.0316 0.0379 0.0442 0.0501 0.0578 
Z00010 0.0071 0.0142 0.0228 0.0296 0.0360 0.0422 0.0502 0.0558 
Z00010 0.0071 0.0161 0.0228 0.0296 0.0360 0.0443 0.0502 0.0558 
Z00010 0.0071 0.0161 0.0228 0.0296 0.0360 0.0443 0.0502 0.0558 
Z00010 0.0071 0.0161 0.0228 0.0296 0.0380 0.0443 0.0502 0.0558 
Z00010 0.0091 0.0161 0.0228 0.0296 0.0380 0.0443 0.0502 0.0558 
Z00010 0.0091 0.0161 0.0228 0.0317 0.0380 0.0443 0.0502 0.0580 
Z00010 0.0091 0.0161 0.0249 0.0317 0.0380 0.0443 0.0502 0.0580 
Z00010 0.0070 0.0141 0.0228 0.0297 0.0360 0.0423 0.0504 0.0559 
Z00010 0.0070 0.0141 0.0228 0.0297 0.0360 0.0423 0.0504 0.0559 
Z00010 0.0070 0.0161 0.0228 0.0297 0.0360 0.0445 0.0504 0.0559 
Z00010 0.0070 0.0161 0.0228 0.0297 0.0383 0.0445 0.0504 0.0559 
Z00010 0.0092 0.0161 0.0228 0.0297 0.0383 0.0445 0.0504 0.0559 
