Z00040 0.0101 0.0215 0.0324 0.0438 0.0581 0.0758 0.0952 0.1171 
Z00040 0.0101 0.0193 0.0324 0.0438 0.0581 0.0758 0.0952 0.1171 
Z00040 0.0101 0.0193 0.0324 0.0438 0.0581 0.0758 0.0952 0.1171 
Z00040 0.0101 0.0193 0.0301 0.0438 0.0581 0.0729 0.0921 0.1136 
Z00040 0.0079 0.0193 0.0301 0.0438 0.0581 0.0729 0.0921 0.1136 
Z00040 0.0100 0.0214 0.0322 0.0459 0.0602 0.0750 0.0942 0.1157 
Z00040 0.0100 0.0214 0.0322 0.0459 0.0576 0.0750 0.0942 0.1157 
Z00040 0.0100 0.0214 0.0322 0.0434 0.0576 0.0750 0.0942 0.1157 
Z00040 0.0100 0.0192 0.0322 0.0434 0.0576 0.0750 0.0942 0.1157 
Z00040 0.0100 0.0192 0.0322 0.0434 0.0576 0.0750 0.0911 0.1123 
Z00040 0.0078 0.0192 0.0298 0.0434 0.0576 0.0720 0.0911 0.1123 
Z00040 0.0100 0.0213 0.0320 0.0456 0.0598 0.0742 0.0933 0.1145 
Z00040 0.0100 0.0213 0.0320 0.0456 0.0572 0.0742 0.0933 0.1145 
Z00040 0.0100 0.0213 0.0320 0.0431 0.0572 0.0742 0.0933 0.1145 
Z00040 0.0100 0.0213 0.0320 0.0431 0.0572 0.0742 0.0933 0.1145 
Z00040 0.0100 0.0190 0.0320 0.0431 0.0572 0.0742 0.0901 0.1112 
Z00040 0.0100 0.0190 0.0320 0.0431 0.0572 0.0712 0.0901 0.1112 
Z00040 0.0076 0.0190 0.0296 0.0431 0.0572 0.0712 0.0901 0.1112 
Z00040 0.0099 0.0213 0.0318 0.0454 0.0595 0.0735 0.0924 0.1134 
Z00040 0.0099 0.0213 0.0318 0.0454 0.0568 0.0735 0.0924 0.1134 
