Z00015 0.0081 0.0196 0.0305 0.0414 0.0540 0.0696 0.0853 0.1024 
Z00015 0.0081 0.0173 0.0280 0.0414 0.0540 0.0696 0.0853 0.1024 
Z00015 0.0100 0.0192 0.0299 0.0433 0.0559 0.0688 0.0872 0.1043 
Z00015 0.0100 0.0192 0.0299 0.0433 0.0559 0.0688 0.0872 0.1043 
Z00015 0.0100 0.0192 0.0299 0.0407 0.0559 0.0688 0.0842 0.1043 
Z00015 0.0079 0.0192 0.0299 0.0407 0.0532 0.0688 0.0842 0.1043 
Z00015 0.0079 0.0192 0.0299 0.0407 0.0532 0.0688 0.0842 0.1012 
Z00015 0.0079 0.0168 0.0299 0.0407 0.0532 0.0688 0.0842 0.1012 
Z00015 0.0079 0.0168 0.0274 0.0407 0.0532 0.0659 0.0842 0.1012 
Z00015 0.0098 0.0188 0.0293 0.0426 0.0552 0.0678 0.0862 0.1032 
Z00015 0.0098 0.0188 0.0293 0.0426 0.0552 0.0678 0.0831 0.1032 
Z00015 0.0098 0.0188 0.0293 0.0399 0.0552 0.0678 0.0831 0.1032 
Z00015 0.0077 0.0188 0.0293 0.0399 0.0523 0.0678 0.0831 0.1000 
Z00015 0.0077 0.0188 0.0293 0.0399 0.0523 0.0678 0.0831 0.1000 
Z00015 0.0077 0.0164 0.0293 0.0399 0.0523 0.0678 0.0831 0.1000 
Z00015 0.0077 0.0164 0.0268 0.0399 0.0523 0.0648 0.0831 0.1000 
Z00015 0.0097 0.0184 0.0288 0.0419 0.0543 0.0668 0.0851 0.1020 
Z00015 0.0097 0.0184 0.0288 0.0392 0.0543 0.0668 0.0819 0.1020 
Z00015 0.0097 0.0184 0.0288 0.0392 0.0514 0.0668 0.0819 0.1020 
Z00015 0.0076 0.0184 0.0288 0.0392 0.0514 0.0668 0.0819 0.0987 
