Z00025 0.0078 0.0154 0.0241 0.0309 0.0372 0.0452 0.0511 0.0570 
Z00025 0.0078 0.0172 0.0241 0.0309 0.0389 0.0452 0.0511 0.0570 
Z00025 0.0078 0.0172 0.0241 0.0309 0.0389 0.0452 0.0511 0.0570 
Z00025 0.0097 0.0172 0.0241 0.0309 0.0389 0.0452 0.0511 0.0570 
Z00025 0.0097 0.0172 0.0241 0.0327 0.0389 0.0452 0.0511 0.0589 
Z00025 0.0097 0.0172 0.0241 0.0327 0.0389 0.0452 0.0530 0.0589 
Z00025 0.0077 0.0152 0.0240 0.0307 0.0370 0.0432 0.0511 0.0569 
Z00025 0.0077 0.0152 0.0240 0.0307 0.0370 0.0451 0.0511 0.0569 
Z00025 0.0077 0.0171 0.0240 0.0307 0.0388 0.0451 0.0511 0.0569 
Z00025 0.0077 0.0171 0.0240 0.0307 0.0388 0.0451 0.0511 0.0569 
Z00025 0.0096 0.0171 0.0240 0.0307 0.0388 0.0451 0.0511 0.0569 
Z00025 0.0096 0.0171 0.0240 0.0326 0.0388 0.0451 0.0511 0.0589 
Z00025 0.0096 0.0171 0.0240 0.0326 0.0388 0.0451 0.0531 0.0589 
Z00025 0.0076 0.0151 0.0239 0.0305 0.0367 0.0430 0.0511 0.0569 
Z00025 0.0076 0.0151 0.0239 0.0305 0.0367 0.0451 0.0511 0.0569 
Z00025 0.0076 0.0170 0.0239 0.0305 0.0388 0.0451 0.0511 0.0569 
Z00025 0.0076 0.0170 0.0239 0.0305 0.0388 0.0451 0.0511 0.0569 
Z00025 0.0096 0.0170 0.0239 0.0305 0.0388 0.0451 0.0511 0.0569 
Z00025 0.0096 0.0170 0.0239 0.0327 0.0388 0.0451 0.0511 0.0589 
Z00025 0.0096 0.0170 0.0239 0.0327 0.0388 0.0451 0.0532 0.0589 
