Z00015 0.0116 0.0225 0.0317 0.0412 0.0503 0.0592 0.0668 0.0752 
Z00015 0.0116 0.0213 0.0316 0.0411 0.0491 0.0580 0.0666 0.0740 
Z00015 0.0116 0.0224 0.0316 0.0411 0.0501 0.0580 0.0666 0.0750 
Z00015 0.0115 0.0212 0.0314 0.0399 0.0489 0.0578 0.0664 0.0738 
Z00015 0.0115 0.0223 0.0314 0.0410 0.0500 0.0578 0.0664 0.0738 
Z00015 0.0102 0.0211 0.0313 0.0397 0.0487 0.0577 0.0652 0.0736 
Z00015 0.0114 0.0211 0.0313 0.0408 0.0498 0.0577 0.0663 0.0736 
Z00015 0.0102 0.0210 0.0312 0.0396 0.0486 0.0575 0.0650 0.0734 
Z00015 0.0113 0.0210 0.0312 0.0407 0.0497 0.0575 0.0661 0.0734 
Z00015 0.0113 0.0222 0.0312 0.0407 0.0497 0.0586 0.0661 0.0745 
Z00015 0.0113 0.0209 0.0310 0.0405 0.0485 0.0574 0.0660 0.0732 
Z00015 0.0113 0.0221 0.0310 0.0405 0.0496 0.0585 0.0660 0.0732 
Z00015 0.0112 0.0208 0.0309 0.0404 0.0483 0.0572 0.0647 0.0730 
Z00015 0.0112 0.0220 0.0309 0.0404 0.0494 0.0572 0.0659 0.0730 
Z00015 0.0111 0.0207 0.0308 0.0391 0.0482 0.0571 0.0646 0.0729 
Z00015 0.0111 0.0219 0.0308 0.0403 0.0493 0.0571 0.0658 0.0729 
Z00015 0.0099 0.0207 0.0307 0.0391 0.0481 0.0571 0.0646 0.0728 
Z00015 0.0111 0.0207 0.0307 0.0402 0.0481 0.0571 0.0657 0.0728 
Z00015 0.0099 0.0206 0.0295 0.0390 0.0481 0.0558 0.0645 0.0716 
Z00015 0.0111 0.0206 0.0307 0.0402 0.0481 0.0570 0.0645 0.0728 
