Z00015 0.0222 0.0484 0.0785 0.1124 0.1524 0.2021 0.2603 0.3374 
Z00015 0.0216 0.0476 0.0777 0.1115 0.1514 0.2010 0.2593 0.3355 
Z00015 0.0215 0.0476 0.0768 0.1113 0.1504 0.2001 0.2575 0.3329 
Z00015 0.0215 0.0468 0.0766 0.1104 0.1495 0.1985 0.2556 0.3312 
Z00015 0.0221 0.0474 0.0764 0.1101 0.1491 0.1982 0.2544 0.3289 
Z00015 0.0214 0.0473 0.0762 0.1099 0.1481 0.1971 0.2534 0.3270 
Z00015 0.0214 0.0465 0.0759 0.1089 0.1478 0.1961 0.2517 0.3242 
Z00015 0.0214 0.0465 0.0751 0.1087 0.1466 0.1952 0.2507 0.3223 
Z00015 0.0214 0.0464 0.0749 0.1077 0.1457 0.1941 0.2498 0.3203 
Z00015 0.0213 0.0456 0.0740 0.1075 0.1447 0.1931 0.2480 0.3182 
Z00015 0.0213 0.0456 0.0738 0.1065 0.1444 0.1920 0.2470 0.3162 
Z00015 0.0212 0.0455 0.0737 0.1063 0.1435 0.1910 0.2459 0.3139 
Z00015 0.0212 0.0454 0.0728 0.1054 0.1431 0.1899 0.2442 0.3119 
Z00015 0.0211 0.0446 0.0727 0.1051 0.1420 0.1889 0.2431 0.3097 
Z00015 0.0211 0.0445 0.0726 0.1041 0.1418 0.1879 0.2421 0.3075 
Z00015 0.0211 0.0444 0.0724 0.1038 0.1407 0.1867 0.2410 0.3052 
Z00015 0.0210 0.0443 0.0715 0.1036 0.1404 0.1855 0.2399 0.3029 
Z00015 0.0211 0.0443 0.0714 0.1028 0.1392 0.1844 0.2388 0.3016 
Z00015 0.0210 0.0442 0.0712 0.1026 0.1389 0.1840 0.2377 0.2996 
Z00015 0.0203 0.0435 0.0704 0.1017 0.1372 0.1822 0.2359 0.2978 
