Z00040 0.0138 0.0262 0.0373 0.0469 0.0566 0.0659 0.0749 0.0825 
Z00040 0.0138 0.0250 0.0361 0.0468 0.0565 0.0657 0.0737 0.0823 
Z00040 0.0126 0.0249 0.0360 0.0456 0.0553 0.0645 0.0735 0.0811 
Z00040 0.0138 0.0260 0.0360 0.0466 0.0563 0.0656 0.0735 0.0821 
Z00040 0.0125 0.0248 0.0359 0.0454 0.0551 0.0643 0.0733 0.0808 
Z00040 0.0137 0.0259 0.0359 0.0465 0.0561 0.0654 0.0733 0.0818 
Z00040 0.0125 0.0247 0.0357 0.0452 0.0549 0.0641 0.0730 0.0806 
Z00040 0.0137 0.0258 0.0357 0.0463 0.0559 0.0652 0.0730 0.0816 
Z00040 0.0124 0.0246 0.0356 0.0451 0.0547 0.0639 0.0728 0.0804 
Z00040 0.0137 0.0257 0.0356 0.0462 0.0558 0.0650 0.0728 0.0814 
Z00040 0.0124 0.0244 0.0355 0.0449 0.0545 0.0637 0.0726 0.0801 
Z00040 0.0137 0.0244 0.0355 0.0460 0.0556 0.0648 0.0726 0.0811 
Z00040 0.0124 0.0243 0.0353 0.0447 0.0543 0.0635 0.0724 0.0799 
Z00040 0.0136 0.0243 0.0353 0.0459 0.0554 0.0635 0.0724 0.0799 
Z00040 0.0123 0.0242 0.0352 0.0446 0.0541 0.0633 0.0711 0.0796 
Z00040 0.0136 0.0242 0.0352 0.0457 0.0552 0.0633 0.0722 0.0796 
Z00040 0.0123 0.0242 0.0351 0.0445 0.0540 0.0631 0.0709 0.0794 
Z00040 0.0136 0.0242 0.0351 0.0456 0.0551 0.0631 0.0720 0.0794 
Z00040 0.0123 0.0241 0.0350 0.0443 0.0538 0.0630 0.0707 0.0791 
Z00040 0.0123 0.0241 0.0350 0.0455 0.0538 0.0630 0.0717 0.0791 
