Z00010 0.0200 0.0435 0.0708 0.1028 0.1395 0.1837 0.2363 0.2995 
Z00010 0.0200 0.0428 0.0707 0.1026 0.1385 0.1827 0.2352 0.2977 
Z00010 0.0200 0.0427 0.0698 0.1017 0.1383 0.1817 0.2343 0.2965 
Z00010 0.0199 0.0426 0.0697 0.1007 0.1372 0.1805 0.2326 0.2946 
Z00010 0.0199 0.0425 0.0695 0.1005 0.1362 0.1794 0.2315 0.2927 
Z00010 0.0199 0.0418 0.0686 0.0996 0.1359 0.1783 0.2304 0.2915 
Z00010 0.0198 0.0417 0.0686 0.0992 0.1349 0.1772 0.2293 0.2895 
Z00010 0.0192 0.0416 0.0683 0.0990 0.1346 0.1768 0.2275 0.2881 
Z00010 0.0192 0.0415 0.0675 0.0980 0.1336 0.1756 0.2264 0.2861 
Z00010 0.0197 0.0414 0.0674 0.0978 0.1324 0.1745 0.2254 0.2849 
Z00010 0.0197 0.0407 0.0672 0.0975 0.1321 0.1733 0.2241 0.2838 
Z00010 0.0197 0.0407 0.0671 0.0966 0.1319 0.1722 0.2231 0.2819 
Z00010 0.0197 0.0406 0.0669 0.0964 0.1308 0.1718 0.2221 0.2808 
Z00010 0.0197 0.0406 0.0667 0.0962 0.1304 0.1706 0.2218 0.2796 
Z00010 0.0197 0.0405 0.0658 0.0952 0.1293 0.1695 0.2205 0.2785 
Z00010 0.0190 0.0398 0.0650 0.0944 0.1283 0.1685 0.2187 0.2768 
Z00010 0.0190 0.0398 0.0648 0.0942 0.1280 0.1672 0.2175 0.2748 
Z00010 0.0190 0.0404 0.0647 0.0940 0.1269 0.1668 0.2164 0.2736 
Z00010 0.0189 0.0403 0.0645 0.0938 0.1266 0.1665 0.2151 0.2724 
Z00010 0.0189 0.0403 0.0644 0.0935 0.1263 0.1653 0.2148 0.2711 
