Z00015 0.0198 0.0379 0.0547 0.0703 0.0847 0.0971 0.1090 0.1197 
Z00015 0.0197 0.0378 0.0546 0.0702 0.0845 0.0968 0.1087 0.1194 
Z00015 0.0197 0.0377 0.0545 0.0701 0.0843 0.0966 0.1080 0.1192 
Z00015 0.0197 0.0376 0.0544 0.0700 0.0836 0.0964 0.1078 0.1189 
Z00015 0.0196 0.0369 0.0537 0.0693 0.0828 0.0956 0.1069 0.1181 
Z00015 0.0195 0.0368 0.0536 0.0692 0.0826 0.0948 0.1067 0.1178 
Z00015 0.0195 0.0373 0.0535 0.0685 0.0824 0.0947 0.1065 0.1171 
Z00015 0.0194 0.0372 0.0534 0.0684 0.0822 0.0945 0.1063 0.1169 
Z00015 0.0194 0.0372 0.0533 0.0683 0.0821 0.0943 0.1055 0.1166 
Z00015 0.0194 0.0371 0.0532 0.0682 0.0819 0.0941 0.1053 0.1164 
Z00015 0.0193 0.0364 0.0531 0.0681 0.0811 0.0933 0.1051 0.1161 
Z00015 0.0193 0.0364 0.0530 0.0680 0.0810 0.0931 0.1048 0.1153 
Z00015 0.0192 0.0363 0.0529 0.0679 0.0808 0.0930 0.1041 0.1150 
Z00015 0.0192 0.0362 0.0522 0.0672 0.0806 0.0922 0.1038 0.1148 
Z00015 0.0192 0.0361 0.0521 0.0670 0.0798 0.0920 0.1035 0.1140 
Z00015 0.0185 0.0361 0.0521 0.0669 0.0797 0.0918 0.1028 0.1137 
Z00015 0.0185 0.0360 0.0520 0.0668 0.0795 0.0915 0.1025 0.1135 
Z00015 0.0183 0.0359 0.0518 0.0660 0.0787 0.0907 0.1022 0.1126 
Z00015 0.0183 0.0353 0.0511 0.0658 0.0785 0.0905 0.1014 0.1123 
Z00015 0.0189 0.0358 0.0517 0.0663 0.0790 0.0904 0.1018 0.1122 
