Z00025 0.0260 0.0550 0.0886 0.1282 0.1782 0.2360 0.3142 0.4057 
Z00025 0.0253 0.0549 0.0878 0.1273 0.1765 0.2342 0.3117 0.4029 
Z00025 0.0258 0.0547 0.0876 0.1270 0.1762 0.2332 0.3099 0.4013 
Z00025 0.0252 0.0539 0.0868 0.1260 0.1746 0.2313 0.3074 0.3983 
Z00025 0.0251 0.0537 0.0866 0.1250 0.1736 0.2295 0.3055 0.3961 
Z00025 0.0250 0.0535 0.0863 0.1246 0.1733 0.2292 0.3034 0.3946 
Z00025 0.0250 0.0534 0.0855 0.1230 0.1723 0.2274 0.3007 0.3916 
Z00025 0.0242 0.0526 0.0853 0.1227 0.1705 0.2265 0.2986 0.3893 
Z00025 0.0241 0.0525 0.0845 0.1210 0.1695 0.2247 0.2967 0.3868 
Z00025 0.0247 0.0524 0.0850 0.1214 0.1692 0.2244 0.2947 0.3850 
Z00025 0.0240 0.0521 0.0841 0.1204 0.1681 0.2227 0.2927 0.3828 
Z00025 0.0240 0.0515 0.0831 0.1197 0.1672 0.2219 0.2907 0.3803 
Z00025 0.0240 0.0514 0.0830 0.1188 0.1661 0.2202 0.2886 0.3777 
Z00025 0.0232 0.0513 0.0820 0.1186 0.1651 0.2192 0.2865 0.3753 
Z00025 0.0232 0.0505 0.0818 0.1177 0.1640 0.2181 0.2843 0.3735 
Z00025 0.0231 0.0504 0.0811 0.1174 0.1630 0.2172 0.2821 0.3711 
Z00025 0.0231 0.0503 0.0808 0.1164 0.1619 0.2154 0.2800 0.3681 
Z00025 0.0224 0.0494 0.0807 0.1162 0.1609 0.2144 0.2777 0.3663 
Z00025 0.0223 0.0493 0.0798 0.1152 0.1596 0.2134 0.2757 0.3644 
Z00025 0.0222 0.0491 0.0797 0.1149 0.1584 0.2122 0.2735 0.3616 
