Z00040 0.0288 0.0618 0.1023 0.1510 0.2061 0.2824 0.3685 0.5048 
Z00040 0.0294 0.0618 0.1020 0.1509 0.2052 0.2808 0.3663 0.5010 
Z00040 0.0286 0.0611 0.1011 0.1492 0.2036 0.2784 0.3643 0.4963 
Z00040 0.0286 0.0610 0.1002 0.1490 0.2026 0.2774 0.3624 0.4921 
Z00040 0.0286 0.0608 0.1001 0.1483 0.2018 0.2757 0.3602 0.4880 
Z00040 0.0285 0.0608 0.0992 0.1474 0.2008 0.2733 0.3582 0.4832 
Z00040 0.0284 0.0607 0.0989 0.1465 0.1998 0.2723 0.3566 0.4795 
Z00040 0.0283 0.0598 0.0979 0.1456 0.1982 0.2695 0.3537 0.4744 
Z00040 0.0276 0.0590 0.0970 0.1448 0.1966 0.2676 0.3516 0.4700 
Z00040 0.0275 0.0597 0.0968 0.1438 0.1966 0.2658 0.3501 0.4662 
Z00040 0.0274 0.0589 0.0957 0.1428 0.1950 0.2638 0.3476 0.4620 
Z00040 0.0273 0.0587 0.0954 0.1425 0.1949 0.2625 0.3459 0.4580 
Z00040 0.0274 0.0586 0.0944 0.1409 0.1933 0.2598 0.3437 0.4542 
Z00040 0.0273 0.0579 0.0934 0.1398 0.1923 0.2577 0.3412 0.4495 
Z00040 0.0273 0.0584 0.0931 0.1395 0.1921 0.2566 0.3394 0.4463 
Z00040 0.0271 0.0576 0.0921 0.1384 0.1905 0.2545 0.3378 0.4412 
Z00040 0.0271 0.0575 0.0920 0.1374 0.1897 0.2525 0.3353 0.4373 
Z00040 0.0263 0.0567 0.0912 0.1363 0.1888 0.2502 0.3328 0.4335 
Z00040 0.0269 0.0573 0.0917 0.1368 0.1875 0.2487 0.3315 0.4304 
Z00040 0.0269 0.0565 0.0909 0.1357 0.1867 0.2467 0.3290 0.4275 
