ngc2298 0.0231 0.0236 2.0 0.21 0.16 999.00 
ngc4590 0.0198 0.0158 2.1 0.18 0.14 999.00 
ngc4833 0.0180 0.0196 2.0 0.16 0.14 0.08 
ngc5053 0.0155 0.0195 2.1 0.21 0.18 999.00 
ngc6341 0.0172 0.0175 2.0 0.16 0.15 0.04 
ngc6397 0.0254 0.0277 2.0 0.22 0.20 999.00 
ngc6426 0.0239 0.0287 2.1 0.21 0.20 999.00 
ngc6779 0.0241 0.0258 2.0 0.21 0.18 0.10 
ngc7078 0.0219 0.0204 2.1 0.18 0.15 0.07 
ngc7099 0.0268 0.0211 2.0 0.23 0.14 0.12 
palomar15 0.0285 0.0284 2.0 0.26 0.20 999.00 
terzan8 0.0169 0.0189 2.0 0.17 0.14 999.00 
All_12_GCs 0.0226 0.0223 2.03 0.20 0.17 0.08 
All_12_GCs 0.0226 0.0223 2.0 0.20 0.17 0.12 
