ngc2298 0.0231 0.0236 1.8 0.22 0.19 999.00 
ngc4590 0.0198 0.0158 1.9 0.21 0.14 999.00 
ngc4833 0.0180 0.0196 1.8 0.16 0.15 0.09 
ngc5053 0.0155 0.0195 1.9 0.15 0.14 999.00 
ngc6341 0.0172 0.0175 1.9 0.17 0.15 0.05 
ngc6397 0.0254 0.0277 1.9 0.21 0.20 999.00 
ngc6426 0.0239 0.0287 1.9 0.23 0.24 999.00 
ngc6779 0.0241 0.0258 1.9 0.21 0.18 0.09 
ngc7078 0.0219 0.0204 2.0 0.19 0.15 0.08 
ngc7099 0.0268 0.0211 1.9 0.25 0.16 0.11 
palomar15 0.0285 0.0284 1.9 0.27 0.21 999.00 
terzan8 0.0169 0.0189 1.9 0.17 0.14 999.00 
All_12_GCs 0.0226 0.0223 1.89 0.20 0.17 0.08 
