arp2 0.0164 0.0156 2.0 0.16 0.12 999.00 
ngc4147 0.0155 0.0151 1.9 0.15 0.11 999.00 
ngc5024 0.0173 0.0193 2.0 0.16 0.14 0.06 
ngc5466 0.0154 0.0159 1.9 0.13 0.11 999.00 
ngc6093 0.0212 0.0220 1.9 0.20 0.15 0.09 
ngc6101 0.0181 0.0215 1.9 0.16 0.14 0.08 
ngc6144 0.0270 0.0308 1.9 0.22 0.19 999.00 
ngc6254 0.0226 0.0219 1.9 0.22 0.14 0.08 
ngc6535 0.0201 0.0155 1.9 0.18 0.08 999.00 
ngc6541 0.0216 0.0208 2.0 0.18 0.13 0.07 
ngc6809 0.0177 0.0200 1.9 0.17 0.14 999.00 
All_12_GCs 0.0205 0.0217 1.93 0.18 0.13 0.08 
