ic4499 0.0186 0.0215 1.9 0.16 0.15 999.00 
ngc3201 0.0241 0.0248 1.8 0.18 0.13 0.07 
ngc5139 0.0192 0.0211 1.9 0.17 0.14 0.09 
ngc5272 0.0157 0.0202 1.8 0.13 0.13 0.06 
ngc5286 0.0221 0.0228 2.0 0.18 0.15 0.06 
ngc5986 0.0268 0.0285 1.9 0.22 0.16 0.08 
ngc6218 0.0161 0.0141 1.8 0.12 0.08 999.00 
ngc6584 0.0173 0.0194 1.9 0.14 0.13 0.06 
ngc6656 0.0233 0.0243 2.0 0.17 0.13 0.05 
ngc6681 0.0206 0.0214 1.9 0.18 0.13 0.09 
ngc6752 0.0174 0.0204 1.8 0.14 0.11 0.09 
ngc6934 0.0170 0.0211 1.8 0.16 0.14 0.06 
ngc7006 0.0197 0.0258 1.9 0.17 0.17 0.09 
ngc7089 0.0176 0.0184 1.9 0.16 0.13 0.05 
ruprecht106 0.0223 0.0202 2.0 0.18 0.11 999.00 
All_12_GCs 0.0421 0.0454 1.89 0.16 0.13 0.07 
