ic4499 0.0186 2.0 0.16 0.13 999.00 
ngc3201 0.0241 1.9 0.20 0.14 0.08 
ngc5139 0.0192 1.9 0.17 0.14 0.11 
ngc5272 0.0157 1.8 0.14 0.13 0.07 
ngc5286 0.0221 2.0 0.18 0.15 0.07 
ngc5986 0.0268 1.9 0.22 0.16 0.07 
ngc6218 0.0161 1.8 0.12 0.07 999.00 
ngc6584 0.0173 1.9 0.14 0.13 0.05 
ngc6656 0.0233 2.0 0.17 0.13 0.07 
ngc6681 0.0206 1.9 0.18 0.14 0.09 
ngc6752 0.0174 1.8 0.15 0.11 0.11 
ngc6934 0.0170 1.9 0.14 0.13 0.08 
ngc7006 0.0197 1.9 0.17 0.17 0.09 
ngc7089 0.0176 1.9 0.16 0.13 0.05 
ruprecht106 0.0223 2.0 0.19 0.11 999.00 
All_12_GCs 0.0421 1.91 0.17 0.13 0.08 0.07 
