#Z = 0.0002 M = 0.80M0 ex = 1.00
1.142 3.787 4.036 7.104 2.031 -0.209 0.000 -0.209 0.000 10.687 0.000
2.747 3.792 4.021 7.124 2.100 -0.157 0.000 -0.157 0.000 10.702 0.000
4.963 3.800 3.997 7.155 2.227 -0.080 0.000 -0.080 0.000 10.725 0.000
7.555 3.807 3.970 7.193 2.385 0.003 0.000 0.004 0.000 10.753 0.000
8.943 3.813 3.934 7.235 2.596 0.101 0.000 0.100 0.000 10.789 0.000
10.439 3.817 3.894 7.276 2.814 0.198 0.000 0.199 0.000 10.829 0.072
11.240 3.819 3.864 7.312 2.958 0.265 0.000 0.265 0.000 10.859 0.120
11.987 3.820 3.826 7.353 3.128 0.346 0.000 0.346 0.000 10.897 0.165
12.041 3.820 3.822 7.355 3.145 0.353 0.000 0.352 0.000 10.901 0.167
13.221 3.773 3.554 7.453 4.163 0.698 0.000 0.699 0.000 11.169 0.217
13.371 3.734 3.429 7.522 4.617 0.793 0.000 0.792 0.000 11.294 0.225
13.595 3.711 3.147 7.572 5.105 1.263 0.000 1.260 0.001 11.576 0.250
13.670 3.699 2.961 7.619 5.288 1.589 0.000 1.587 0.004 11.761 0.271
13.735 3.671 2.548 7.739 5.615 2.304 0.000 2.301 0.044 12.175 0.346
13.750 3.645 2.207 7.830 5.839 2.881 0.001 2.876 0.277 12.516 0.423
13.753 3.633 2.061 7.877 5.945 3.125 0.323 3.121 0.704 12.661 0.466
13.754 3.631 2.034 7.884 5.965 3.170 2.000 3.164 0.902 12.689 0.475 
