#Z = 0.0002 M = 0.80Mo C( = 1.25
0.024 3.796 4.045 7.101 2.006 -0.192 0.000 -0.234 0.000 10.678 0.000
1.756 3.788 4.056 7.094 1.997 -0.243 0.000 -0.243 0.000 10.667 0.000
7.920 3.816 3.965 7.214 2.485 0.050 0.000 0.049 0.000 10.757 0.000
9.855 3.822 3.924 7.258 2.722 0.156 0.000 0.155 0.000 10.799 0.035
13.299 3.762 3.510 7.492 4.404 0.744 0.000 0.744 0.000 11.213 0.221
13.379 3.744 3.441 7.522 4.647 0.810 0.000 0.809 0.000 11.281 0.226
13.412 3.740 3.411 7.528 4.731 0.854 0.000 0.852 0.000 11.312 0.228
13.459 3.736 3.364 7.535 4.834 0.930 0.000 0.928 0.000 11.359 0.232
13.480 3.734 3.340 7.538 4.877 0.972 0.000 0.969 0.000 11.383 0.234
13.545 3.729 3.259 7.550 4.994 1.113 0.000 1.111 0.001 11.464 0.241
13.574 3.726 3.204 7.562 5.064 1.210 0.000 1.207 0.001 11.519 0.247
13.636 3.718 3.082 7.590 5.201 1.425 0.000 1.423 0.002 11.641 0.260
13.658 3.715 3.020 7.605 5.260 1.535 0.000 1.533 0.003 11.703 0.267
13.703 3.702 2.818 7.656 5.418 1.888 0.000 1.885 0.009 11.905 0.295
13.726 3.693 2.671 7.707 5.550 2.143 0.000 2.140 0.025 12.052 0.327
13.741 3.679 2.481 7.752 5.677 2.468 0.000 2.464 0.066 12.241 0.364
13.746 3.670 2.357 7.785 5.759 2.679 0.000 2.675 0.129 12.366 0.392
13.752 3.654 2.157 7.843 5.899 3.017 0.005 3.013 0.415 12.566 0.444
13.754 3.645 2.043 7.879 5.987 3.209 2.000 3.204 0.961 12.680 0.482
