#Z = 0.0002 M = 0.80Mo C( = 1.50
0.086 3.792 4.065 7.095 1.996 -0.248 0.000 -0.246 0.000 10.658 0.000
0.306 3.792 4.061 7.095 2.001 -0.237 0.000 -0.237 0.000 10.662 0.000
0.342 3.793 4.060 7.095 2.003 -0.235 0.000 -0.235 0.000 10.663 0.000
0.660 3.794 4.057 7.099 2.013 -0.224 0.000 -0.224 0.000 10.665 0.000
0.930 3.795 4.055 7.102 2.023 -0.215 0.000 -0.215 0.000 10.668 0.000
1.299 3.796 4.052 7.106 2.036 -0.203 0.000 -0.203 0.000 10.671 0.000
1.801 3.798 4.048 7.112 2.057 -0.187 0.000 -0.187 0.000 10.675 0.000
4.052 3.807 4.027 7.142 2.174 -0.110 0.000 -0.111 0.000 10.696 0.000
5.365 3.812 4.012 7.163 2.260 -0.062 0.000 -0.061 0.000 10.710 0.000
8.037 3.821 3.974 7.215 2.492 0.054 0.000 0.053 0.000 10.749 0.000
12.051 3.832 3.845 7.355 3.149 0.355 0.000 0.354 0.000 10.877 0.168
13.132 3.809 3.652 7.426 3.949 0.648 0.000 0.648 0.000 11.071 0.212
13.400 3.750 3.430 7.532 4.718 0.855 0.000 0.854 0.000 11.292 0.228
13.533 3.738 3.264 7.559 5.008 1.140 0.000 1.137 0.001 11.458 0.243
13.667 3.720 2.937 7.640 5.340 1.720 0.000 1.718 0.006 11.786 0.281
13.705 3.705 2.701 7.716 5.535 2.132 0.000 2.127 0.025 12.021 0.325
13.718 3.694 2.543 7.752 5.649 2.405 0.000 2.401 0.058 12.180 0.357
13.732 3.665 2.170 7.861 5.903 3.038 0.022 3.033 0.494 12.553 0.449
13.733 3.659 2.093 7.885 5.962 3.168 1.600 3.161 0.893 12.630 0.474
13.733 3.659 2.091 7.884 5.961 3.170 2.000 3.164 0.947 12.631 0.475 
