#Z = 0.0002 M = 0.80Mo C( = 1.75
0.054 3.794 4.072 7.097 1.997 -0.251 0.000 -0.248 0.000 10.651 0.000
0.340 3.795 4.066 7.095 2.002 -0.235 0.000 -0.235 0.000 10.657 0.000
0.447 3.796 4.064 7.096 2.006 -0.231 0.000 -0.231 0.000 10.658 0.000
1.026 3.798 4.059 7.103 2.027 -0.211 0.000 -0.211 0.000 10.663 0.000
1.175 3.799 4.059 7.105 2.032 -0.207 0.000 -0.207 0.000 10.664 0.000
1.933 3.802 4.052 7.114 2.063 -0.182 0.000 -0.182 0.000 10.670 0.000
3.176 3.807 4.042 7.130 2.122 -0.142 0.000 -0.142 0.000 10.680 0.000
8.704 3.828 3.969 7.230 2.568 0.088 0.000 0.086 0.000 10.754 0.000
12.472 3.837 3.819 7.366 3.328 0.425 0.000 0.425 0.000 10.904 0.183
13.254 3.789 3.571 7.476 4.291 0.728 0.000 0.729 0.000 11.152 0.219
13.449 3.753 3.386 7.542 4.844 0.956 0.000 0.954 0.000 11.337 0.234
13.475 3.751 3.354 7.545 4.899 1.011 0.000 1.009 0.000 11.368 0.236
13.553 3.744 3.238 7.564 5.061 1.217 0.000 1.215 0.001 11.485 0.247
13.605 3.739 3.139 7.587 5.177 1.395 0.000 1.393 0.002 11.584 0.258
13.631 3.736 3.073 7.603 5.244 1.513 0.000 1.511 0.003 11.650 0.265
13.709 3.710 2.656 7.726 5.591 2.245 0.000 2.241 0.036 12.067 0.339
13.728 3.678 2.220 7.851 5.882 2.988 0.006 2.983 0.409 12.503 0.440
13.730 3.670 2.109 7.882 5.967 3.175 1.220 3.170 0.865 12.613 0.475
13.730 3.669 2.104 7.883 5.969 3.184 1.700 3.179 0.949 12.618 0.477
13.730 3.669 2.104 7.882 5.968 3.184 2.000 3.179 0.968 12.618 0.477 
