#Z = 0.00021 M = 0.80M0 ex = 2.00
0.087 3.796 4.074 7.095 1.996 -0.247 0.000 -0.246 0.000 10.649 0.000
0.185 3.797 4.071 7.095 1.998 -0.241 0.000 -0.241 0.000 10.651 0.000
0.401 3.798 4.069 7.096 2.004 -0.232 0.000 -0.232 0.000 10.654 0.000
1.121 3.801 4.063 7.104 2.030 -0.208 0.000 -0.208 0.000 10.660 0.000
1.436 3.802 4061 7.108 2.042 -0.198 0.000 -0.198 0.000 10.662 0.000
1.991 3.805 4.057 7.115 2.065 -0.180 0.000 -0.180 0.000 10.666 0.000
2.163 3.805 4.055 7.117 2.073 -0.174 0.000 -0.175 0.000 10.667 0.000
5.030 3.817 4.029 7.158 2.236 -0.074 0.000 -0.074 0.000 10.694 0.000
11.161 3.839 3.907 7.309 2.946 0.259 0.000 0.260 0.000 10.816 0.116
12.387 3.842 3.836 7.363 3.289 0.410 0.000 0.410 0.000 10.887 0.180
13.051 3.827 3.707 7.406 3.847 0.611 0.000 0.611 0.000 11.016 0.208
13.296 3.783 3.543 7.499 4.448 0.760 0.000 0.760 0.000 11.180 0.221
13.541 3.753 3.266 7.565 5.041 1.194 0.000 1.190 0.001 11.457 0.245
13.643 3.741 3.031 7.624 5.292 1.615 0.000 1.613 0.004 11.691 0.273
13.668 3.734 2.919 7.649 5.381 1.814 0.000 1.811 0.007 11.804 0.288
13.680 3.730 2.846 7.668 5.438 1.942 0.000 1.939 0.011 11.876 0.300
13.705 3.718 2.659 7.729 5.600 2.269 0.000 2.265 0.038 12.064 0.341
13.717 3.702 2.434 7.787 5.745 2.655 0.000 2.650 0.123 12.288 0.389
13.724 3.681 2.159 7.878 5.940 3.121 0.340 3.117 0.697 12.563 0.464
13.725 3.679 2.133 7.885 5.960 3.166 2.000 3.161 0.878 12.590 0.474 
