# 1:star_age
# 2:star_mass
# 3:log_L
# 4:log_Lnuc
# 5:log_Teff
# 6:log_R
# 7:log_g
# 8:log_surf_z
# 9:log_center_T
# 10:F606W
# 11:F814W
# 12:F435W
# 13:F475W
# 14:F555W
# 15:F225W
# 16:F275W
# 17:F336W
# 18:F390W
#         1:star_age    |        2:star_mass     |            3:log_L     |         4:log_Lnuc     |         5:log_Teff     |            6:log_R     |            7:log_g     |        8:log_surf_z     |      9:log_center_T    |             10:F606W    |             11:F814W    |             12:F435W    |             13:F475W    |             14:F555W    |             15:F225W    |             16:F275W    |             17:F336W    |             18:F390W    |
1.000000000000000082e-05 7.500000000000000000e-01 1.799318106893626590e+00 0.000000000000000000e+00 3.674190641720348260e+00 1.074536606458743604e+00 2.163877403887338069e+00 -3.698970004336066264e+00 0.000000000000000000e+00 3.745415112098839927e-01 -4.099602198511789197e-01 1.526595469720376741e+00 1.147414681114703683e+00 6.695742861042432992e-01 5.078909267708937136e+00 3.505533829451259464e+00 1.852850737714497598e+00 1.768360752720681717e+00
2.595868211199999203e-04 7.500000000000000000e-01 1.790496954953157749e+00 0.000000000000000000e+00 3.672057904520171334e+00 1.074391504888863480e+00 2.164167607027098317e+00 -3.698970004336066264e+00 0.000000000000000000e+00 4.036848460368105407e-01 -3.876879461132816118e-01 1.571212099714529131e+00 1.185471324034800489e+00 7.018916817924250040e-01 5.192932399688970690e+00 3.597012703797631161e+00 1.919276149884055371e+00 1.822903916654382783e+00
1.866879996223735991e-03 7.500000000000000000e-01 1.760981121120382076e+00 0.000000000000000000e+00 3.664946832583197978e+00 1.073855731846421246e+00 2.165239153111982784e+00 -3.698970004336066264e+00 0.000000000000000000e+00 5.026956383729128675e-01 -3.117403533442271168e-01 1.721078575948979505e+00 1.313831218771944975e+00 8.115509205528042003e-01 5.574008906823721077e+00 3.906336219033249790e+00 2.143783510606581899e+00 2.006302430746380594e+00
1.181881568998847595e-02 7.500000000000000000e-01 1.725181351348144876e+00 0.000000000000000000e+00 3.656427429770346738e+00 1.072994652586005682e+00 2.166961311632813469e+00 -3.698970004336066264e+00 0.000000000000000000e+00 6.257431018313255322e-01 -2.166584300929130791e-01 1.902685648420636255e+00 1.470919838537028568e+00 9.474285475501247333e-01 6.027238830816450843e+00 4.283193123834877269e+00 2.416402347293050923e+00 2.227866545388891950e+00
7.343857839845420454e-02 7.500000000000000000e-01 1.711742101815783457e+00 0.000000000000000000e+00 3.653348261616948367e+00 1.072433364126621491e+00 2.168083888551581850e+00 -3.698970004336066264e+00 0.000000000000000000e+00 6.724267202482181460e-01 -1.801986749635204887e-01 1.969799084167284775e+00 1.529602192348100687e+00 9.987848142758721792e-01 6.190305980848819445e+00 4.421783519467872736e+00 2.516446059206955965e+00 2.309186110916037649e+00
4.549719075001067425e-01 7.500000000000000000e-01 1.710255714429127938e+00 0.000000000000000000e+00 3.653059945745409376e+00 1.072266802176370826e+00 2.168417012452083625e+00 -3.698970004336066264e+00 0.000000000000000000e+00 6.773949612666712028e-01 -1.761879210142325292e-01 1.976649813385222387e+00 1.535681252288611631e+00 1.004190244976385316e+00 6.205949632460164622e+00 4.435264425456040271e+00 2.526343391436043362e+00 2.317354742177357707e+00
2.817325717658333506e+00 7.500000000000000000e-01 1.710051241154312729e+00 0.000000000000000000e+00 3.653058760034488373e+00 1.072166936960805783e+00 2.168616742883213711e+00 -3.698970004336066264e+00 0.000000000000000000e+00 6.779099367566701062e-01 -1.756727122730694646e-01 1.977158935429024211e+00 1.536193048308000186e+00 1.004704296312155520e+00 6.206355533836749316e+00 4.435702474212867230e+00 2.526825288786035628e+00 2.317862204527649794e+00
1.744439784661043902e+01 7.500000000000000000e-01 1.709206317172384137e+00 0.000000000000000000e+00 3.653099128685095565e+00 1.071663737668627991e+00 2.169623141467569294e+00 -3.698970004336066264e+00 0.000000000000000000e+00 6.798393566531331089e-01 -1.735870448805343358e-01 1.978752900588347075e+00 1.537925905452290465e+00 1.006558032572897332e+00 6.205978936982855743e+00 4.435845744454113060e+00 2.527781710528337555e+00 2.319234180401885226e+00
1.080113731005150584e+02 7.500000000000000000e-01 1.704068641430221520e+00 0.000000000000000000e+00 3.653346103094995190e+00 1.068600950977746544e+00 2.175748714849331744e+00 -3.698970004336066264e+00 0.000000000000000000e+00 6.915674499614041792e-01 -1.609049401683932956e-01 1.988434158485951286e+00 1.548454769922869900e+00 1.017824495495943893e+00 6.203632490109789899e+00 4.436684768623806008e+00 2.533576535638140115e+00 2.327560783568010550e+00
6.152802065043413222e+02 7.500000000000000000e-01 1.677012535662177006e+00 0.000000000000000000e+00 3.654627900238795579e+00 1.052509303806123730e+00 2.207932009192577816e+00 -3.698970004336066264e+00 0.000000000000000000e+00 7.534830568888324365e-01 -9.406394336274104262e-02 2.039790800256206182e+00 1.604188704502867324e+00 1.077365279493655237e+00 6.192464171844658694e+00 4.442439256095084943e+00 2.564896378150429257e+00 2.371936996204127013e+00
1.497126647807706377e+03 7.500000000000000000e-01 1.635600998365886349e+00 0.000000000000000000e+00 3.656580235412279833e+00 1.027898864811010116e+00 2.257152887182805046e+00 -3.698970004336307404e+00 0.000000000000000000e+00 8.485088197983898795e-01 8.361492627670941147e-03 2.118998312644748694e+00 1.689965898851575332e+00 1.168851605163794716e+00 6.176880428838156689e+00 4.453601413410844145e+00 2.614196904033732949e+00 2.440698902428032113e+00
2.523060955459434354e+03 7.500000000000000000e-01 1.593844417971185923e+00 0.000000000000000000e+00 3.658436940945095639e+00 1.003307163548028180e+00 2.306336289708768916e+00 -3.698970004336066264e+00 0.000000000000000000e+00 9.450291402911474847e-01 1.118453210146483912e-01 2.200638573149959143e+00 1.777796558685459161e+00 1.262062792554424107e+00 6.167468867378495645e+00 4.471087060172465044e+00 2.667662929513596737e+00 2.512535467688202573e+00
3.714370851153370495e+03 7.500000000000000000e-01 1.552252599102375896e+00 0.000000000000000000e+00 3.660302508550592915e+00 9.787801189026291704e-01 2.355390378999566714e+00 -3.698970004336066264e+00 0.000000000000000000e+00 1.041315623416792846e+00 2.150087762183545692e-01 2.282268946446450286e+00 1.865526002260814664e+00 1.355103282774535955e+00 6.158534890913976767e+00 4.489902581526898473e+00 2.721670286554498830e+00 2.584491303845936727e+00
5.097903156745349406e+03 7.500000000000000000e-01 1.510529465304390362e+00 0.000000000000000000e+00 3.662100819794965378e+00 9.543219295148908099e-01 2.404306757775043657e+00 -3.698970004336066264e+00 0.000000000000000000e+00 1.138394159713236320e+00 3.186340971912073883e-01 2.365399886373573679e+00 1.954458440811386311e+00 1.449103654060579061e+00 6.154011727793282205e+00 4.513137010003887895e+00 2.778472433789836771e+00 2.658399910504329000e+00
6.703709776843493273e+03 7.500000000000000000e-01 1.468454935900468827e+00 0.000000000000000000e+00 3.663768031595278973e+00 9.299502412123027417e-01 2.453050134380219571e+00 -3.698970004336066264e+00 0.000000000000000000e+00 1.237028508542657335e+00 4.232853995778143030e-01 2.451217679892785384e+00 2.045601754601023003e+00 1.544916438063992814e+00 6.157253588810590372e+00 4.543328807438463457e+00 2.839903750267794180e+00 2.735734908726143999e+00
8.568702691822891211e+03 7.500000000000000000e-01 1.426161807213275567e+00 0.000000000000000000e+00 3.665339648282735396e+00 9.056604434937925996e-01 2.501629729817240300e+00 -3.698970004336066264e+00 0.000000000000000000e+00 1.336717736788408217e+00 5.285852212660628879e-01 2.538982320243313495e+00 2.138313095645742123e+00 1.641983040757899914e+00 6.166495840343209522e+00 4.578855005205660689e+00 2.904823759751820944e+00 2.815589071500760099e+00
1.073632064451305814e+04 7.500000000000000000e-01 1.383837680430546335e+00 0.000000000000000000e+00 3.666872194098286020e+00 8.814332884713275140e-01 2.550084039862170027e+00 -3.698970004336066264e+00 0.000000000000000000e+00 1.436764885201093023e+00 6.340249881230448636e-01 2.627613433673111842e+00 2.231670330757800969e+00 1.739519539284415828e+00 6.178925576069438819e+00 4.617315026362746266e+00 2.971534773435166699e+00 2.896618599043392805e+00
1.325501318105998325e+04 7.500000000000000000e-01 1.341102606963886945e+00 0.000000000000000000e+00 3.668263171112919441e+00 8.572837977087318651e-01 2.598383021387361325e+00 -3.698970004336066264e+00 0.000000000000000000e+00 1.538462078806858813e+00 7.405820112037844183e-01 2.719064856627660731e+00 2.327353100045193912e+00 1.838961618560738032e+00 6.199843648266238461e+00 4.662888254946089717e+00 3.043037801701188982e+00 2.981245900697814477e+00
1.618110569379364642e+04 7.500000000000000000e-01 1.298538847803300422e+00 0.000000000000000000e+00 3.669655387011239167e+00 8.332174863317983737e-01 2.646515644141228307e+00 -3.698970004336066264e+00 0.000000000000000000e+00 1.639836271632368891e+00 8.467443787533710520e-01 2.810402812942932371e+00 2.422827570438691680e+00 1.938125765493083463e+00 6.221848768381200045e+00 4.709481782110024994e+00 3.114894279898585694e+00 3.065880513611638492e+00
1.957903280474685016e+04 7.500000000000000000e-01 1.255827911653220941e+00 0.000000000000000000e+00 3.670964829634002946e+00 8.092431330112302978e-01 2.694464350782364459e+00 -3.698970004336066264e+00 0.000000000000000000e+00 1.741959327750606690e+00 9.533287177619840236e-01 2.903235469103464084e+00 2.519480420360785899e+00 2.038200401078441359e+00 6.249265104675437499e+00 4.760518209513925569e+00 3.189564170602203319e+00 3.152513945554694885e+00
2.352570843424025952e+04 7.500000000000000000e-01 1.212964736288322687e+00 0.000000000000000000e+00 3.672194406156996660e+00 7.853523922827939652e-01 2.742245832239237124e+00 -3.698970004336066264e+00 0.000000000000000000e+00 1.844814009106194419e+00 1.060336595955035932e+00 2.997508655318760873e+00 2.617273928167776376e+00 2.139159596848443812e+00 6.281954610284053331e+00 4.815834467059673329e+00 3.266937998910307783e+00 3.241075441206923813e+00
2.810937919225890073e+04 7.500000000000000000e-01 1.170430066341249464e+00 0.000000000000000000e+00 3.673468753309672596e+00 7.615363630039067022e-01 2.789877890797011872e+00 -3.698970004336066264e+00 0.000000000000000000e+00 1.946787316633212583e+00 1.166549040178402663e+00 3.090776892910035656e+00 2.714108813234460627e+00 2.239210326827155484e+00 6.313585000983721329e+00 4.870292623497732620e+00 3.343275435232513360e+00 3.328551672178384990e+00
3.342665111173329933e+04 7.500000000000000000e-01 1.127776443034013587e+00 0.000000000000000000e+00 3.674663956975874779e+00 7.378191440178836213e-01 2.837312328769058034e+00 -3.698970004336066264e+00 0.000000000000000000e+00 2.049387296326550256e+00 1.273094456592161805e+00 3.185349941165448229e+00 2.811962999312939360e+00 2.340033582133742129e+00 6.350369818357187057e+00 4.928832160488390457e+00 3.422141726699443609e+00 3.417812712580136747e+00
3.959898486833917559e+04 7.500000000000000000e-01 1.085226633450114386e+00 0.000000000000000000e+00 3.675846449923606762e+00 7.141792533304692769e-01 2.884592110143886501e+00 -3.698970004336066264e+00 0.000000000000000000e+00 2.151838847944432587e+00 1.379407877393362014e+00 3.280007540853681292e+00 2.909801251089589869e+00 2.440757961381414987e+00 6.388998746882151636e+00 4.988780042835045947e+00 3.501620094515537573e+00 3.507335086574087768e+00
4.675532799906919536e+04 7.500000000000000000e-01 1.042772592442852586e+00 0.000000000000000000e+00 3.677004703944419806e+00 6.906357247852126235e-01 2.931679167234400030e+00 -3.698970004336066264e+00 0.000000000000000000e+00 2.254192001370704190e+00 1.485506258880107566e+00 3.374868328238051163e+00 3.007714011337135673e+00 2.541448002087051350e+00 6.429953555852243596e+00 5.050472953743089022e+00 3.581934980220694342e+00 3.597286608994025414e+00
5.505627057812305429e+04 7.500000000000000000e-01 1.000192890125648937e+00 0.000000000000000000e+00 3.678094058497518581e+00 6.671671645204146905e-01 2.978616287763995896e+00 -3.698970004336066264e+00 0.000000000000000000e+00 2.357121915441027227e+00 1.591930380136673762e+00 3.470892428530454765e+00 3.106543424823364319e+00 2.642839395113909973e+00 6.475505425484278987e+00 5.115741627141275671e+00 3.664476565292183352e+00 3.688822184635917267e+00
6.467754928731707332e+04 7.500000000000000000e-01 9.577140433140352016e-01 0.000000000000000000e+00 3.679160203587011679e+00 6.437954509356217381e-01 3.025359714933581579e+00 -3.698970004336066264e+00 0.000000000000000000e+00 2.459919313662012996e+00 1.698112084677475764e+00 3.567068697358863005e+00 3.205403402752239117e+00 2.744157790307276912e+00 6.523227571375116440e+00 5.182586593780257544e+00 3.747761266033734273e+00 3.780721608428891045e+00
7.583487459397922794e+04 7.500000000000000000e-01 9.151670555384512351e-01 0.000000000000000000e+00 3.680173559003951933e+00 6.204952462139489144e-01 3.071960124376927226e+00 -3.698970004336066264e+00 0.000000000000000000e+00 2.563082427188248857e+00 1.804459370230105719e+00 3.664084377696127603e+00 3.304903024863712346e+00 2.845941740880704174e+00 6.574623468583098429e+00 5.252234103696203249e+00 3.832750581232616582e+00 3.873795813124509380e+00
8.876568656898921472e+04 7.500000000000000000e-01 8.725519452036438750e-01 0.000000000000000000e+00 3.681125337320896307e+00 5.972841344126553764e-01 3.118382347979514524e+00 -3.698970004336307404e+00 0.000000000000000000e+00 2.666625507193202793e+00 1.910959637668582900e+00 3.762005026260652585e+00 3.405087229875270793e+00 2.948216909704726163e+00 6.629955518774742984e+00 5.324864084873389913e+00 3.919575420662887666e+00 3.968137985751077679e+00
1.037457684541944182e+05 7.500000000000000000e-01 8.299751582545050743e-01 0.000000000000000000e+00 3.682040473947297166e+00 5.741654676852847583e-01 3.164619681434255760e+00 -3.698970004335825124e+00 0.000000000000000000e+00 2.770205864888865221e+00 2.017346105954807456e+00 3.860320742820626094e+00 3.505515909944080022e+00 3.050605500174647489e+00 6.687907205107094910e+00 5.399402696450067651e+00 4.007457384896106589e+00 4.063119250443591568e+00
1.211153888539030595e+05 7.500000000000000000e-01 7.871925590165750330e-01 0.000000000000000000e+00 3.682866869961626044e+00 5.511213760376624249e-01 3.210707864729500649e+00 -3.698970004336307404e+00 0.000000000000000000e+00 2.874563503560885636e+00 2.124203633978233086e+00 3.960095926449803017e+00 3.607120582570331635e+00 3.153917559089592260e+00 6.750991013300001953e+00 5.477898767507596745e+00 4.097949237098198694e+00 4.160021049204942756e+00
1.412448653207273455e+05 7.500000000000000000e-01 7.442003348504236948e-01 0.000000000000000000e+00 3.683594135030676675e+00 5.281707338164842724e-01 3.256609149171856732e+00 -3.698970004336066264e+00 0.000000000000000000e+00 2.979722767770084602e+00 2.231528542767470924e+00 4.061407009470038076e+00 3.709957740607464416e+00 3.258189639774045077e+00 6.819506545748723170e+00 5.560578407659157563e+00 4.191204714882232452e+00 4.258952850855749261e+00
1.645979083543645975e+05 7.500000000000000000e-01 7.010842487661496092e-01 0.000000000000000000e+00 3.684253596601838154e+00 5.052937676320251592e-01 3.302363081540774736e+00 -3.698970004336307404e+00 0.000000000000000000e+00 3.085377630461330511e+00 2.339111494611209707e+00 4.163736321482559788e+00 3.813598295136408467e+00 3.363071557286303914e+00 6.891938571705352956e+00 5.646245303204246113e+00 4.286376760119772200e+00 4.359252696444507080e+00
1.916841582447291003e+05 7.500000000000000000e-01 6.577753789085439839e-01 0.000000000000000000e+00 3.684824469425703075e+00 4.824975870554918944e-01 3.347955442693841377e+00 -3.698970004336066264e+00 0.000000000000000000e+00 3.191745621859588766e+00 2.447110711080753731e+00 4.267419361260927246e+00 3.918330850171905411e+00 3.468807461824901850e+00 6.969152068998454297e+00 5.735602552925577413e+00 4.383983320139073214e+00 4.461336314201410858e+00
2.231070566638078890e+05 7.500000000000000000e-01 6.141737606343804501e-01 0.000000000000000000e+00 3.685278198745268963e+00 4.597893192792780193e-01 3.393371978246269016e+00 -3.698970004336066264e+00 0.000000000000000000e+00 3.299140077312422648e+00 2.555757302399634057e+00 4.372934030329453492e+00 4.024567785868178760e+00 3.575747769619113114e+00 7.052360835286947349e+00 5.829645889395834502e+00 4.484760081965930567e+00 4.565794411332674940e+00
2.595664861513151554e+05 7.500000000000000000e-01 5.703479485556630646e-01 0.000000000000000000e+00 3.685631308259371242e+00 4.371701942117153794e-01 3.438610228381394407e+00 -3.698970004336066264e+00 0.000000000000000000e+00 3.407341147488459399e+00 2.664882733758268785e+00 4.479942011426587101e+00 4.132021540432482709e+00 3.683649230389988816e+00 7.140676574265043541e+00 5.927670919790308801e+00 4.588191143850529841e+00 4.672209863709248623e+00
3.018845480080318521e+05 7.500000000000000000e-01 5.262707932747718864e-01 0.000000000000000000e+00 3.685875972518506849e+00 4.146422880529992971e-01 3.483666040698826905e+00 -3.698970004336307404e+00 0.000000000000000000e+00 3.516431179129625662e+00 2.774547534241747826e+00 4.588560393287835382e+00 4.240797390320935278e+00 3.792604121005105355e+00 7.234365919511560605e+00 6.029913882810866710e+00 4.694455119453159853e+00 4.780725743262053129e+00
3.510784229141500546e+05 7.500000000000000000e-01 4.818693983749064436e-01 0.000000000000000000e+00 3.686005478845274741e+00 3.921825779495297648e-01 3.528585460905765636e+00 -3.698970004336307404e+00 0.000000000000000000e+00 3.626605073833140125e+00 2.884927138481515385e+00 4.699013082425665289e+00 4.351110147494786418e+00 3.902816530460420097e+00 7.333765589328905321e+00 6.136700241723978877e+00 4.803829779434074965e+00 4.891588813647331335e+00
4.082684827452917816e+05 7.500000000000000000e-01 4.372233776761313417e-01 0.000000000000000000e+00 3.686035646777121588e+00 3.697992317364487969e-01 3.573352153331927905e+00 -3.698970004336307404e+00 0.000000000000000000e+00 3.737623654235321169e+00 2.995829656562392529e+00 4.810952136763852138e+00 4.462658443049740242e+00 4.014025923706910248e+00 7.438031687654195423e+00 6.247353309598388194e+00 4.915809624747019768e+00 5.004379380554688339e+00
4.747589480982664973e+05 7.500000000000000000e-01 3.923002980471301804e-01 0.000000000000000000e+00 3.685955707590428787e+00 3.474975702953329582e-01 3.617955476214159471e+00 -3.698970004336066264e+00 0.000000000000000000e+00 3.849594503732753026e+00 3.107330501226968522e+00 4.924543129650132300e+00 4.575586554542979911e+00 4.126354784861774760e+00 7.547584363791223439e+00 6.362236690814526696e+00 5.030665836960508841e+00 5.119305395240594692e+00
5.521240585588337854e+05 7.500000000000000000e-01 3.471651248702599668e-01 0.000000000000000000e+00 3.685784605312743878e+00 3.252721882622678917e-01 3.662406240280289715e+00 -3.698970004336066264e+00 0.000000000000000000e+00 3.962310437450483391e+00 3.219277763872476328e+00 5.039455610331479818e+00 4.689616305931792795e+00 4.239571165507243222e+00 7.661525498796805778e+00 6.480640962289164975e+00 5.147886087212363293e+00 5.235953656858910676e+00
6.421046885127587011e+05 7.500000000000000000e-01 3.018549162614340142e-01 0.000000000000000000e+00 3.685525129955454116e+00 3.031360346724350507e-01 3.706678547459955286e+00 -3.698970004336066264e+00 0.000000000000000000e+00 4.075675171003126707e+00 3.331582065257109093e+00 5.155569638442266012e+00 4.804639814508924189e+00 4.353576051561304894e+00 7.779629683329950751e+00 6.602387309269992954e+00 5.267325912123226317e+00 5.354189081216460977e+00
7.468156397559040925e+05 7.500000000000000000e-01 2.563542552462511059e-01 0.000000000000000000e+00 3.685176597962504186e+00 2.810827681507445663e-01 3.750785080503336033e+00 -3.698970004336066264e+00 0.000000000000000000e+00 4.189732770483566071e+00 3.444283164588121338e+00 5.272928496051335401e+00 4.920703519968988360e+00 4.468416186343297625e+00 7.901932074998072153e+00 6.727532982452231636e+00 5.389039911911311265e+00 5.474055363739111613e+00
8.688072187391560292e+05 7.500000000000000000e-01 2.106295861340464759e-01 0.000000000000000000e+00 3.684732147718232209e+00 2.591093340831849834e-01 3.794731948638455421e+00 -3.698970004336307404e+00 0.000000000000000000e+00 4.304589290129442247e+00 3.557463533191004501e+00 5.391675145254382073e+00 5.037939017721448920e+00 4.584209352008848271e+00 8.028745480987197425e+00 6.856362961789301380e+00 5.513245168667083362e+00 5.595721791013644975e+00
1.010991671537957154e+06 7.500000000000000000e-01 1.648563702904491668e-01 0.000000000000000000e+00 3.684219035057448632e+00 2.372489514829533297e-01 3.838452713838918395e+00 -3.698970004336307404e+00 0.000000000000000000e+00 4.419744615665045728e+00 3.670702466976166534e+00 5.511139795185620471e+00 5.155746815339831812e+00 4.700419414341922675e+00 8.158640497780915268e+00 6.987673636608590755e+00 5.639008600970647933e+00 5.718399556203017653e+00
1.176882066012392053e+06 7.500000000000000000e-01 1.191466686883951437e-01 0.000000000000000000e+00 3.683653561045290736e+00 2.155250487062423670e-01 3.881900519392340598e+00 -3.698970004336066264e+00 0.000000000000000000e+00 4.534882995762330893e+00 3.783731288388786140e+00 5.630906416760907973e+00 5.273752576931734382e+00 4.816709274774282790e+00 8.290744554888888729e+00 7.120727057826627515e+00 5.765756981314886787e+00 5.841600644402653586e+00
1.370671161198301474e+06 7.500000000000000000e-01 7.355738383406099090e-02 0.000000000000000000e+00 3.683035363614507673e+00 1.939668011406419645e-01 3.925017014523541459e+00 -3.698970004336307404e+00 0.000000000000000000e+00 4.649868414573106179e+00 3.896410957710997991e+00 5.750840081349572586e+00 5.391822701760325742e+00 4.932944604888156448e+00 8.424926807702995291e+00 7.255395312623186044e+00 5.893362625574845026e+00 5.965188333232596563e+00
1.597471895367926918e+06 7.500000000000000000e-01 2.826852570105132037e-02 0.000000000000000000e+00 3.682397541124733831e+00 1.725980170536845493e-01 3.967754582697456289e+00 -3.698970004336066264e+00 0.000000000000000000e+00 4.764169891458330142e+00 4.008310453041950439e+00 5.870213034169637467e+00 5.509306550458738627e+00 5.048547862446696399e+00 8.559535230790217497e+00 7.390278734789625048e+00 6.020769390795443599e+00 6.088293258909800443e+00
1.863221784131248016e+06 7.500000000000000000e-01 -1.649078298439265663e-02 0.000000000000000000e+00 3.681775804922043260e+00 1.514618351163429244e-01 4.010026946572139650e+00 -3.698970004336066264e+00 0.000000000000000000e+00 4.877123529870303287e+00 4.118877053244851538e+00 5.988150235501343843e+00 5.625409122811454665e+00 5.162802389428698291e+00 8.692694370261648373e+00 7.523757838462643122e+00 6.146739423796276469e+00 6.209887895172414574e+00
2.174986255149250384e+06 7.500000000000000000e-01 -6.029170126418424008e-02 0.000000000000000000e+00 3.681255132616045422e+00 1.306027205884434106e-01 4.051745175627938345e+00 -3.698970004336307404e+00 0.000000000000000000e+00 4.987431075057997987e+00 4.227080821290087442e+00 6.102850361957756320e+00 5.738517085581612776e+00 5.274282152121024581e+00 8.820226318186790593e+00 7.652256122160274288e+00 6.268597976857350318e+00 6.327813303854348703e+00
2.540845986279365607e+06 7.500000000000000000e-01 -1.024262352163712864e-01 0.000000000000000000e+00 3.680987976114075799e+00 1.100697666162894078e-01 4.092811083572246211e+00 -3.698970004336307404e+00 0.000000000000000000e+00 5.092909401579120754e+00 4.331225223852960937e+00 6.211226025550558916e+00 5.845877420887553910e+00 5.380571270542169771e+00 8.934786129135943611e+00 7.769485555607467120e+00 6.381673908048689725e+00 6.438344143055481084e+00
2.970315156965778209e+06 7.500000000000000000e-01 -1.428033296435841648e-01 0.000000000000000000e+00 3.680966285131106464e+00 8.992460136862187592e-02 4.133101414067581025e+00 -3.698970004336066264e+00 0.000000000000000000e+00 5.193345989803361817e+00 4.431087110766917192e+00 6.313108688604231133e+00 5.947295301919346855e+00 5.481458491965049973e+00 9.036415786057027333e+00 7.875360265809611349e+00 6.485835043801706945e+00 6.541346565325042661e+00
3.475044655716001987e+06 7.500000000000000000e-01 -1.810250083648096142e-01 0.000000000000000000e+00 3.681253745529780907e+00 7.023884121066077679e-02 4.172472934383503862e+00 -3.698970004336307404e+00 0.000000000000000000e+00 5.287579004807398064e+00 4.525716846811185690e+00 6.406951244328496387e+00 6.041361120152693331e+00 5.575678186631307653e+00 9.121813304536594558e+00 7.966957717595853694e+00 6.578838024147088959e+00 6.635007658150257726e+00
4.069036934026403818e+06 7.500000000000000000e-01 -2.164485198786649522e-01 0.000000000000000000e+00 3.681963036265558653e+00 5.110850398217564594e-02 4.210733608840473430e+00 -3.698970004336066264e+00 0.000000000000000000e+00 5.373721150616546538e+00 4.613590871603250321e+00 6.490186351416063815e+00 6.125758108746857999e+00 5.661167885386795717e+00 9.185357882536493435e+00 8.039356972655809841e+00 6.656916251346927993e+00 6.716289877364715721e+00
4.766438684465734288e+06 7.500000000000000000e-01 -2.480998334243488812e-01 0.000000000000000000e+00 3.683242388586732474e+00 3.272414256698779472e-02 4.247502331670849784e+00 -3.698970004336066264e+00 0.000000000000000000e+00 5.449001401543171141e+00 4.692406689727960156e+00 6.559142764304489504e+00 6.197155152871381745e+00 5.734933420467505982e+00 9.219479808578249447e+00 8.085882966454995824e+00 6.714843721749865324e+00 6.780902978027775418e+00
5.585095743242675439e+06 7.500000000000000000e-01 -2.747882532059137684e-01 0.000000000000000000e+00 3.685297810961649212e+00 1.526908792637131189e-02 4.282412440952082733e+00 -3.698970004336307404e+00 0.000000000000000000e+00 5.510028992250227020e+00 4.759400588949269206e+00 6.609184162215036906e+00 6.251403597283200497e+00 5.793292758922845564e+00 9.214380831172860553e+00 8.097965559274605596e+00 6.745908251455524862e+00 6.823366007249539678e+00
6.545569905223569833e+06 7.500000000000000000e-01 -2.949335098878509975e-01 0.000000000000000000e+00 3.688406305677237818e+00 -1.020529845775308350e-03 4.314991676496375383e+00 -3.698970004336307404e+00 0.000000000000000000e+00 5.552408224731422592e+00 4.810978895419360413e+00 6.634247113940013207e+00 6.283121017094551064e+00 5.831490281594248870e+00 9.157540953295885799e+00 8.064679359259045555e+00 6.741420351647832376e+00 6.836513634957825047e+00
7.670058877116844989e+06 7.500000000000000000e-01 -3.065374818061655793e-01 0.000000000000000000e+00 3.692910756769170799e+00 -1.583141798879785303e-02 4.344613452782421170e+00 -3.698970004336066264e+00 0.000000000000000000e+00 5.570833412920194405e+00 4.842753765126296628e+00 6.626982500081318506e+00 6.285834252546088408e+00 5.843829834532733969e+00 9.034404264336394874e+00 7.973389312200090728e+00 6.691119427470027858e+00 6.811716453684041994e+00
8.966984197849102318e+06 7.500000000000000000e-01 -3.072637326357117171e-01 0.000000000000000000e+00 3.699148187348725969e+00 -2.866940456268159132e-02 4.370289425930188543e+00 -3.698970004336066264e+00 0.000000000000000000e+00 5.559685893260585487e+00 4.849878562948319427e+00 6.579794055197652369e+00 6.252852532066818014e+00 5.824401227647008739e+00 8.831774091367300628e+00 7.812689031923227390e+00 6.585297230674321156e+00 6.740342597039528982e+00
1.043288032054613344e+07 7.500000000000000000e-01 -2.952865724803989678e-01 0.000000000000000000e+00 3.707389820598477659e+00 -3.916409098452857535e-02 4.391278798773882386e+00 -3.698970004336066264e+00 0.000000000000000000e+00 5.515543993512636689e+00 4.829374758249201705e+00 6.487751212720461069e+00 6.179958133933659781e+00 5.769662141255601284e+00 8.542263030132609458e+00 7.576701490535434402e+00 6.418839573662815212e+00 6.617183246880188108e+00
1.199611900640511885e+07 7.500000000000000000e-01 -2.722920950218314928e-01 0.000000000000000000e+00 3.717166665288322402e+00 -4.722054163493326351e-02 4.407391700074692054e+00 -3.698970004336066264e+00 0.000000000000000000e+00 5.445475697264498649e+00 4.786626865320940283e+00 6.360996757121618828e+00 6.076006305474749070e+00 5.687488788161942921e+00 8.191596118110659575e+00 7.288279455428714471e+00 6.209736443176289811e+00 6.455603787408200844e+00
1.353231746948027611e+07 7.500000000000000000e-01 -2.443304528494609773e-01 0.000000000000000000e+00 3.727262332637244047e+00 -5.343105524659177985e-02 4.419812727298008781e+00 -3.698970004336307404e+00 0.000000000000000000e+00 5.366784492558018371e+00 4.735378068182861000e+00 6.224960645442962459e+00 5.962959800066883531e+00 5.596797601213268081e+00 7.836715522853438642e+00 6.996294789510038470e+00 5.996765013727547000e+00 6.286849971798311287e+00
1.501047226754533686e+07 7.500000000000000000e-01 -2.172880466934450083e-01 0.000000000000000000e+00 3.737018460413561005e+00 -5.942210772121764989e-02 4.431794832247260452e+00 -3.698970004336548545e+00 0.000000000000000000e+00 5.293880408579099139e+00 4.688330442278832777e+00 6.098970221163192207e+00 5.857927842707795207e+00 5.512738696165357055e+00 7.512355606298442012e+00 6.730797413141154095e+00 5.805396402147962931e+00 6.133192392803735515e+00
1.645288526522684470e+07 7.500000000000000000e-01 -1.947677072163852274e-01 0.000000000000000000e+00 3.746240677160137977e+00 -6.660637147584280715e-02 4.446163359756511113e+00 -3.698970004336066264e+00 0.000000000000000000e+00 5.234777295169308786e+00 4.653111186359367935e+00 5.992581629166522816e+00 5.769803495193848164e+00 5.443489878578965602e+00 7.231312179648440974e+00 6.503320489867626009e+00 5.645921088292041645e+00 6.004514048960473360e+00
1.788563754666089639e+07 7.500000000000000000e-01 -1.786122708546685200e-01 0.000000000000000000e+00 3.754824163114438118e+00 -7.569562520358348590e-02 4.464341867211992110e+00 -3.698970004336066264e+00 0.000000000000000000e+00 5.193180241652221696e+00 4.633274965235358422e+00 5.910031170506861997e+00 5.702680750685644284e+00 5.392817712429199162e+00 6.998138748480187132e+00 6.318010931904971983e+00 5.521783036167924763e+00 5.904580458451228253e+00
1.933552293608714640e+07 7.500000000000000000e-01 -1.693243136834620410e-01 0.000000000000000000e+00 3.762640698423729724e+00 -8.668471723656348549e-02 4.486320051277951748e+00 -3.698970004336066264e+00 0.000000000000000000e+00 5.169732292872467383e+00 4.629273172835681294e+00 5.851992131232087502e+00 5.657326600379448678e+00 5.361410943294117715e+00 6.813113422908479322e+00 6.174744690644928369e+00 5.432223116487428172e+00 5.833389498056618550e+00
2.084854038061187416e+07 7.500000000000000000e-01 -1.677437789275034730e-01 0.000000000000000000e+00 3.769575968060576709e+00 -9.976498913227933862e-02 4.512480595069384037e+00 -3.698970004336307404e+00 0.000000000000000000e+00 5.166156163735280415e+00 4.642664229196725501e+00 5.819769413365115440e+00 5.635335706510474552e+00 5.351005987814282605e+00 6.676179350310455618e+00 6.073259601390411433e+00 5.376554778920215938e+00 5.791417591628118089e+00
2.250048826051319763e+07 7.500000000000000000e-01 -1.782059018168345721e-01 0.000000000000000000e+00 3.775034600784733296e+00 -1.159133160252581035e-01 4.544777248855341512e+00 -3.698970004336548545e+00 0.000000000000000000e+00 5.192906339420993334e+00 4.682525955274336127e+00 5.825438289478192644e+00 5.648352017265629854e+00 5.372561356665265464e+00 6.604607119285070382e+00 6.028276484388022993e+00 5.365907321457463297e+00 5.790476373088075945e+00
2.453428102496785671e+07 7.500000000000000000e-01 -2.154331530045605347e-01 0.000000000000000000e+00 3.777088482104256961e+00 -1.386347042581669575e-01 4.590220025321158914e+00 -3.698970004335825124e+00 0.000000000000000000e+00 5.286121512756608354e+00 4.780328118466513843e+00 5.912062635726634596e+00 5.737187559350786614e+00 5.464035748555538419e+00 6.664001434805015833e+00 6.096462598930237675e+00 5.444530947965610324e+00 5.874553229637449192e+00
2.739663111554343998e+07 7.500000000000000000e-01 -2.967296326251468996e-01 0.000000000000000000e+00 3.772097278245957863e+00 -1.693005363518630679e-01 4.651551689508551135e+00 -3.698970004336066264e+00 0.000000000000000000e+00 5.487851328342280510e+00 4.969292303613897843e+00 6.136013745844422829e+00 5.953252936314896715e+00 5.671009429181879113e+00 6.961297596920687170e+00 6.367344314938890193e+00 5.677843199061165080e+00 6.103977711170792020e+00
2.771871948771893233e+07 7.500000000000000000e-01 -3.053721413751239178e-01 0.000000000000000000e+00 3.771292318074476402e+00 -1.720118703838877661e-01 4.656974357572600809e+00 -3.698970004336066264e+00 0.000000000000000000e+00 5.509234875644359875e+00 4.988653223729414776e+00 6.160913519807316163e+00 5.976896149578301731e+00 5.693221288377159794e+00 6.998345669196638141e+00 6.400222368871034462e+00 5.704900138837537327e+00 6.129911657354526255e+00
3.197722408225074038e+07 7.500000000000000000e-01 -3.647166677795852796e-01 0.000000000000000000e+00 3.764410591051825961e+00 -1.879206795408171760e-01 4.688791975886459795e+00 -3.698970004336066264e+00 0.000000000000000000e+00 5.655947328650263728e+00 5.118109570797443553e+00 6.338138266468256177e+00 6.143081596988167803e+00 5.847032902806255095e+00 7.283264898578160285e+00 6.649433567181638693e+00 5.904705280619062080e+00 6.317262326468252809e+00
5.562981187811444700e+07 7.500000000000000000e-01 -3.568489784691536992e-01 0.000000000000000000e+00 3.763813399510455238e+00 -1.827924518028610223e-01 4.678535520410546766e+00 -3.699587020568005258e+00 0.000000000000000000e+00 5.636327536508289882e+00 5.097099663897246558e+00 6.320749589233159327e+00 6.124900496217776436e+00 5.827958859630278710e+00 7.274671322811677499e+00 6.638023496951184654e+00 5.889915299088144707e+00 6.300801847697840685e+00
2.020804012177774310e+08 7.500000000000000000e-01 -3.482921830830569276e-01 0.000000000000000000e+00 3.763270434593060099e+00 -1.774281242750214982e-01 4.667806865354868329e+00 -3.703287293000949720e+00 0.000000000000000000e+00 5.615005809507181311e+00 5.074524693191378333e+00 6.301410722588137503e+00 6.104859719089169801e+00 5.807125818728529509e+00 7.263267311127862058e+00 6.624078803357605238e+00 5.872992246129584260e+00 6.282307269556540064e+00
1.108863849314113617e+09 7.500000000000000000e-01 -3.236364004430395402e-01 0.000000000000000000e+00 3.764978172286611802e+00 -1.685157083421175983e-01 4.649982033489060029e+00 -3.726856943967055802e+00 0.000000000000000000e+00 5.553840146475565120e+00 5.017757229321894386e+00 6.232069369669339665e+00 6.038531953909675565e+00 5.744113867453101818e+00 7.165580603834563078e+00 6.535630968574189126e+00 5.797683697486320398e+00 6.210158809681068703e+00
2.932219529703396797e+09 7.500000000000000000e-01 -2.773364383726922289e-01 0.000000000000000000e+00 3.768788829253685524e+00 -1.529870412410905267e-01 4.618924699287005886e+00 -3.778041191036001667e+00 0.000000000000000000e+00 5.439056706396378615e+00 4.912667989402741853e+00 6.099806951764065843e+00 5.912629258533470988e+00 5.625310200925440540e+00 6.972683670797358957e+00 6.362997598430197854e+00 5.653449907002624286e+00 6.072244628013336865e+00
4.431605338333612442e+09 7.500000000000000000e-01 -2.358112524776174446e-01 0.000000000000000000e+00 3.772065268162012597e+00 -1.387773261102075162e-01 4.590505269025240587e+00 -3.825691547615826860e+00 0.000000000000000000e+00 5.336085764123779995e+00 4.818008865969588328e+00 5.982205910984987440e+00 5.800278699663827808e+00 5.518920005245320226e+00 6.805181625444049587e+00 6.212784233356600794e+00 5.527433383497047714e+00 5.950419678976366811e+00
6.013601595496807098e+09 7.500000000000000000e-01 -1.869836322523919792e-01 0.000000000000000000e+00 3.775659016113117161e+00 -1.215510118998028438e-01 4.556052640604431048e+00 -3.883219093419256751e+00 0.000000000000000000e+00 5.214900568357698774e+00 4.705941351465575906e+00 5.845332893551187681e+00 5.668957463737548608e+00 5.394010504601190803e+00 6.616108402634608865e+00 6.042545184865225849e+00 5.383536131026716021e+00 5.809610454772283106e+00
6.817311373404556274e+09 7.500000000000000000e-01 -1.597004670714707586e-01 0.000000000000000000e+00 3.777520710490378963e+00 -1.116328180638677392e-01 4.536216252932560700e+00 -3.915858281874952773e+00 0.000000000000000000e+00 5.147110647545233064e+00 4.642886367726184460e+00 5.769537576815096713e+00 5.595962443526190100e+00 5.324296295526451672e+00 6.514399622423852065e+00 5.950548207940016709e+00 5.305116902317223548e+00 5.732076496344852501e+00
7.593650258159096718e+09 7.500000000000000000e-01 -1.314346471805703798e-01 0.000000000000000000e+00 3.779336071653097484e+00 -1.011306304438533560e-01 4.515211877692531850e+00 -3.950497467492016579e+00 0.000000000000000000e+00 5.076810032980759502e+00 4.577217583368692999e+00 5.691496391420571399e+00 5.520606944457007614e+00 5.252119266296610078e+00 6.411902848108738340e+00 5.857495268370129793e+00 5.225259845213194865e+00 5.652548397166100358e+00
9.226603975735082626e+09 7.500000000000000000e-01 -6.385687562085283486e-02 0.000000000000000000e+00 3.783225686025587287e+00 -7.512097340897372355e-02 4.463192563622772724e+00 -4.034071076656749355e+00 0.000000000000000000e+00 4.908419029700745284e+00 4.418831573678872360e+00 5.506680272267630016e+00 5.341414878161060642e+00 5.079693622268870001e+00 6.177754211729300948e+00 5.643503447249329952e+00 5.039380011268271176e+00 5.465293708928342653e+00
1.073026707234548187e+10 7.500000000000000000e-01 1.398806883890504719e-02 0.000000000000000000e+00 3.786991648683129430e+00 -4.373042649418061589e-02 4.400411469793186647e+00 -4.131399546436549386e+00 0.000000000000000000e+00 4.713864863275219363e+00 4.234142340234825497e+00 5.296305712282020295e+00 5.136356068816006371e+00 4.881183519353811562e+00 5.924491367287018306e+00 5.409668046422098087e+00 4.832487764492931603e+00 5.253658519984441000e+00
1.187232647887653542e+10 7.500000000000000000e-01 9.016677092579000741e-02 0.000000000000000000e+00 3.789953560388045872e+00 -1.156489886056938192e-02 4.336080414525963711e+00 -4.226572704245034728e+00 0.000000000000000000e+00 4.522891845924355891e+00 4.051169024264886787e+00 5.092727618405625378e+00 4.936940711508569279e+00 4.687013737236298994e+00 5.691847024194416349e+00 5.192307920910579355e+00 4.636139109617424481e+00 5.050066912613800696e+00
1.274836284588016319e+10 7.500000000000000000e-01 1.640777598552492778e-01 0.000000000000000000e+00 3.791969270573729567e+00 2.135917523279213734e-02 4.270232266339241356e+00 -4.318230692517656344e+00 0.000000000000000000e+00 4.356455539742128735e+00 3.885767379112820663e+00 4.923980399167540156e+00 4.768989668821532746e+00 4.520086651850455439e+00 5.527204047778930374e+00 5.029685541843811336e+00 4.476986975801118263e+00 4.882911151686599283e+00
1.344040038299252701e+10 7.500000000000000000e-01 2.352824705953775741e-01 0.000000000000000000e+00 3.792902596368074697e+00 5.509487901416616762e-02 4.202760858776493080e+00 -4.405266938667965704e+00 0.000000000000000000e+00 4.186773951059279852e+00 3.716924173877622195e+00 4.752288630753788823e+00 4.597991293411546110e+00 4.349990917484312547e+00 5.361792127278377507e+00 4.865735472076664792e+00 4.315707811733453525e+00 4.712981482386851440e+00
1.390241879939270782e+10 7.500000000000000000e-01 2.899963501134120158e-01 0.000000000000000000e+00 3.792779739152774887e+00 8.269753320378341044e-02 4.147555550397258095e+00 -4.469382811201547234e+00 0.000000000000000000e+00 4.047836209824524190e+00 3.578690869571190092e+00 4.611704286970891076e+00 4.457970099007120268e+00 4.210709351887288676e+00 5.227126980319674487e+00 4.732141228717004822e+00 4.184066591996632667e+00 4.573903442716598988e+00
1.410606811683220291e+10 7.500000000000000000e-01 3.177395642895527450e-01 0.000000000000000000e+00 3.792249023782212625e+00 9.763057103297735628e-02 4.117689474738869926e+00 -4.497852137759316804e+00 0.000000000000000000e+00 3.972632165906844648e+00 3.503875217599350833e+00 4.535607564308634210e+00 4.382176972793935477e+00 4.135317260308504217e+00 5.154530759196887857e+00 4.660075139196166560e+00 4.112967174812077076e+00 4.498644998071434031e+00
1.424784520800052261e+10 7.500000000000000000e-01 3.390486015926839625e-01 0.000000000000000000e+00 3.791559164677764660e+00 1.096648078934394782e-01 4.093621001017946348e+00 -4.516894035792765827e+00 0.000000000000000000e+00 3.912007024685017598e+00 3.443566931637306539e+00 4.474261651157810604e+00 4.321075360594932135e+00 4.074539469876221176e+00 5.096160100191632125e+00 4.602105724537452147e+00 4.055729835800782723e+00 4.437986264950488646e+00
1.435921289406298256e+10 7.500000000000000000e-01 3.571122807833854162e-01 0.000000000000000000e+00 3.790760748125641122e+00 1.202934805930379603e-01 4.072363655618749689e+00 -4.530630378982752227e+00 0.000000000000000000e+00 3.858448138784488890e+00 3.390290824490719501e+00 4.420064935192939970e+00 4.267094237810781010e+00 4.020844910716235177e+00 5.044706615393181437e+00 4.550986915324578774e+00 4.005222237723700118e+00 4.384404940707945286e+00
1.444948507682133293e+10 7.500000000000000000e-01 3.727482546545232145e-01 0.000000000000000000e+00 3.789890892924852928e+00 1.298511779301832203e-01 4.053248260944458892e+00 -4.539598363842663353e+00 0.000000000000000000e+00 3.811910666961523475e+00 3.343606614340920657e+00 4.373522106355849814e+00 4.220564744586830841e+00 3.974339180913091241e+00 5.002236762978405693e+00 4.508077449664220637e+00 3.961939579676062806e+00 4.338461270622190113e+00
1.452383892378132248e+10 7.500000000000000000e-01 3.864122722522052022e-01 0.000000000000000000e+00 3.788975714621629631e+00 1.385135433354694467e-01 4.035923530133886494e+00 -4.544822431712389310e+00 0.000000000000000000e+00 3.777619964157345578e+00 3.307236936411214856e+00 4.341978426003066716e+00 4.188159889570080452e+00 3.940822779369305806e+00 4.981774904550483996e+00 4.483692069823710824e+00 3.932873007473823179e+00 4.307656192587572264e+00
1.458587082270168877e+10 7.500000000000000000e-01 3.984464539136123862e-01 0.000000000000000000e+00 3.788046553755246570e+00 1.463889558989398543e-01 4.020172705006945790e+00 -4.544394803700520846e+00 0.000000000000000000e+00 3.747445927745424399e+00 3.274923854530001677e+00 4.314662946890237549e+00 4.159945149174340884e+00 3.911448906899323674e+00 4.965572747706360701e+00 4.463434565733891191e+00 3.907774316808833248e+00 4.281045918806626105e+00
1.463837316747516823e+10 7.500000000000000000e-01 4.091555437715666543e-01 0.000000000000000000e+00 3.787110767264881162e+00 1.536150738086468348e-01 4.005720469187531663e+00 -4.543594128175897140e+00 0.000000000000000000e+00 3.720618767338102373e+00 3.245920328416701750e+00 4.290772147608628018e+00 4.135127531017630531e+00 3.885438840339553224e+00 4.952798537677360002e+00 4.446511623496469667e+00 3.885897762724091820e+00 4.257834861850767538e+00
1.475803372442344284e+10 7.500000000000000000e-01 4.354967528488795092e-01 0.000000000000000000e+00 3.784409614588054804e+00 1.721879837009566705e-01 3.968574649402912158e+00 -4.528295842014721906e+00 0.000000000000000000e+00 3.654733175405745271e+00 3.173676179705537947e+00 4.233588657504562036e+00 4.075180601090046650e+00 3.821953021377957782e+00 4.927756970924050961e+00 4.409186389393681793e+00 3.833920540446342784e+00 4.202550229648672087e+00
1.488738455349584389e+10 7.500000000000000000e-01 4.681081338820354265e-01 0.000000000000000000e+00 3.780020693138256060e+00 1.972715171171328663e-01 3.918407582570559544e+00 -4.476404952950521654e+00 0.000000000000000000e+00 3.573454155344322203e+00 3.081889645669640743e+00 4.167060222833264049e+00 4.003909167812835790e+00 3.744675016619986252e+00 4.914315712786361701e+00 4.374894786959913517e+00 3.774807847139790340e+00 4.139079527551992044e+00
1.498171721905527496e+10 7.500000000000000000e-01 4.956318197678796222e-01 0.000000000000000000e+00 3.775250413379906966e+00 2.205739195767527638e-01 3.871802777651319527e+00 -4.402876727820931535e+00 0.000000000000000000e+00 3.505222419385276567e+00 3.002080960331447557e+00 4.115574795800775121e+00 3.946947336919173210e+00 3.680894301965658144e+00 4.922788923605722289e+00 4.359557321482441239e+00 3.731241298458492395e+00 4.091142640545839981e+00
1.505298977061387634e+10 7.500000000000000000e-01 5.192632674361238321e-01 0.000000000000000000e+00 3.770264305985172371e+00 2.423618582003435329e-01 3.828226900404138267e+00 -4.315244424804361323e+00 0.000000000000000000e+00 3.447041928853316506e+00 2.931672235922995640e+00 4.075646707696741089e+00 3.900936875424442007e+00 3.627459471312420192e+00 4.948729908432113689e+00 4.359381947502768639e+00 3.700293467849704143e+00 4.055367319165945617e+00
1.510862628038999367e+10 7.500000000000000000e-01 5.398734637284343663e-01 0.000000000000000000e+00 3.765263161555538751e+00 2.626692452057660665e-01 3.787612126393292922e+00 -4.228831506090147130e+00 0.000000000000000000e+00 3.396710694478237258e+00 2.868965658733131363e+00 4.044394338213045614e+00 3.863200655501437097e+00 3.581974840748806344e+00 4.987282629130724843e+00 4.370493138345864281e+00 3.679338873020455480e+00 4.028875766213197096e+00
1.515358545774718857e+10 7.500000000000000000e-01 5.581410902091542559e-01 0.000000000000000000e+00 3.760297705392279699e+00 2.817339707726435050e-01 3.749482675259538045e+00 -4.137525247833485409e+00 0.000000000000000000e+00 3.352530082644165077e+00 2.812391585945434258e+00 4.019961035644058711e+00 3.831923739216236413e+00 3.542691544258765646e+00 5.036127905070181043e+00 4.390853298228527990e+00 3.666740110449580925e+00 4.009854732859082560e+00
1.519089350841772652e+10 7.500000000000000000e-01 5.744888637055408642e-01 0.000000000000000000e+00 3.755532971236862583e+00 2.994373258316717634e-01 3.714075965141481639e+00 -4.049642869040905424e+00 0.000000000000000000e+00 3.313381721197089291e+00 2.761252589736734819e+00 4.000547681570530756e+00 3.805542604058913980e+00 3.508322232475620694e+00 5.091004101727641284e+00 4.417216005094743991e+00 3.660479411919062898e+00 3.996354362156360196e+00
1.522258218210511017e+10 7.500000000000000000e-01 5.892062822211413531e-01 0.000000000000000000e+00 3.750821285659625470e+00 3.162194062439458442e-01 3.680511804316933588e+00 -3.969471683269676365e+00 0.000000000000000000e+00 3.278586013694265944e+00 2.714496968931271681e+00 3.986085062281262026e+00 3.783773554171091291e+00 3.478334474738176141e+00 5.153944168339570808e+00 4.450809382046628571e+00 3.660871290736629646e+00 3.988479236758131208e+00
1.525023400579535675e+10 7.500000000000000000e-01 6.027197965712304262e-01 0.000000000000000000e+00 3.746236021289429896e+00 3.321466921593823063e-01 3.648657232486060664e+00 -3.902480155144682605e+00 0.000000000000000000e+00 3.247039005721575222e+00 2.671213082451494358e+00 3.975128391804368277e+00 3.765295318034972638e+00 3.451545417762595491e+00 5.222280732851082519e+00 4.489455254919185734e+00 3.666327027432906505e+00 3.984692039579329048e+00
1.527493587450040245e+10 7.500000000000000000e-01 6.154305741210984726e-01 0.000000000000000000e+00 3.741729602270723376e+00 3.475149189717292586e-01 3.617920778861366760e+00 -3.860020861564889660e+00 0.000000000000000000e+00 3.217780847859515347e+00 2.630325025328112076e+00 3.966887289716559906e+00 3.749256829468897934e+00 3.427040894134734117e+00 5.295918043534612707e+00 4.532782236380853647e+00 3.676187652647897153e+00 3.984272299269854045e+00
1.529534686545793915e+10 7.500000000000000000e-01 6.266378356249860948e-01 0.000000000000000000e+00 3.737843690880941150e+00 3.608903725032365783e-01 3.591169871798352009e+00 -3.828849736817084182e+00 0.000000000000000000e+00 3.192220985367228536e+00 2.594664120833996890e+00 3.960062620809146949e+00 3.735384991938609289e+00 3.405640610224359932e+00 5.363011577484940062e+00 4.572780456176396058e+00 3.686647652381893181e+00 3.984847247520981739e+00
1.529754570085920525e+10 7.500000000000000000e-01 6.278761412846788348e-01 0.000000000000000000e+00 3.737406089105863138e+00 3.623847288832386382e-01 3.588181159038347889e+00 -3.826557825431113891e+00 0.000000000000000000e+00 3.189419790663045262e+00 2.590720920974106889e+00 3.959408659596839186e+00 3.733917629763332968e+00 3.403311575497461661e+00 5.370874390731138703e+00 4.577535889373308464e+00 3.688036016625005686e+00 3.985065784479829176e+00
1.531887463409360886e+10 7.500000000000000000e-01 6.407010334300025090e-01 0.000000000000000000e+00 3.733315514647074895e+00 3.769783238734780717e-01 3.558993969057869133e+00 -3.801333429516145390e+00 0.000000000000000000e+00 3.160296576863700579e+00 2.550886128387737983e+00 3.950682475513495717e+00 3.717410809287933660e+00 3.378633219350163586e+00 5.443852307146755720e+00 4.620839521943089778e+00 3.699465648700851261e+00 3.984893654609038549e+00
1.533935347657215881e+10 7.500000000000000000e-01 6.546402267520429197e-01 0.000000000000000000e+00 3.729501411031813873e+00 3.915761277650205430e-01 3.529798361274784302e+00 -3.782811347093540277e+00 0.000000000000000000e+00 3.128508056892968625e+00 2.509047828355107868e+00 3.938456816095118995e+00 3.697633273926925312e+00 3.351041604069671109e+00 5.511304453290449601e+00 4.659547675150498947e+00 3.707767928489836606e+00 3.981304081133956174e+00
1.535950848143697357e+10 7.500000000000000000e-01 6.702550058867464688e-01 0.000000000000000000e+00 3.725986081430371133e+00 4.064141765352584645e-01 3.500122263734308348e+00 -3.768804272152770363e+00 0.000000000000000000e+00 3.092593435318612194e+00 2.463818338272695030e+00 3.921007619084392104e+00 3.672982579569016082e+00 3.319037340955794946e+00 5.570508129764640159e+00 4.691218363982052608e+00 3.710780158300998721e+00 3.972382706086015958e+00
1.537963218874321556e+10 7.500000000000000000e-01 6.883461060920670338e-01 0.000000000000000000e+00 3.722828654613635546e+00 4.217745802713884218e-01 3.469401456262048544e+00 -3.759002161946051412e+00 0.000000000000000000e+00 3.050467964484148808e+00 2.413283878442214814e+00 3.895735104256161208e+00 3.641087129176113990e+00 3.280452978290455235e+00 5.616967863254878068e+00 4.711939805747391574e+00 3.705189246456832564e+00 3.955208586278139649e+00
1.539988507733041954e+10 7.500000000000000000e-01 7.088248838782742478e-01 0.000000000000000000e+00 3.719943486405185240e+00 4.377843055813933071e-01 3.437382005642038774e+00 -3.752310310229153512e+00 0.000000000000000000e+00 3.002390574861315997e+00 2.357481506934760773e+00 3.863238941511774271e+00 3.602431610958461761e+00 3.235634783555241256e+00 5.652545429729030957e+00 4.723057461471405816e+00 3.691730239880662623e+00 3.930453871018897871e+00
1.542044922341987610e+10 7.500000000000000000e-01 7.319173138366744658e-01 0.000000000000000000e+00 3.717364187940252584e+00 4.544891174904575615e-01 3.403972381823910265e+00 -3.746301470349377549e+00 0.000000000000000000e+00 2.947711428286936552e+00 2.295862087286586473e+00 3.822574870380904599e+00 3.556204505942531569e+00 3.183884518375066364e+00 5.675098392009694237e+00 4.722793758362072936e+00 3.668980114156092043e+00 3.896963446676856790e+00
1.544132389356271362e+10 7.500000000000000000e-01 7.575307809671831816e-01 0.000000000000000000e+00 3.715040005691861769e+00 4.719442155524950500e-01 3.369062185699835066e+00 -3.741931899938114814e+00 0.000000000000000000e+00 2.886661996909033689e+00 2.228527499866622463e+00 3.774194223955525729e+00 3.502780644347183170e+00 3.125485894128019027e+00 5.685867727334269262e+00 4.712074987900940926e+00 3.637490566630354749e+00 3.855236444343063340e+00
1.546242579121272659e+10 7.500000000000000000e-01 7.853655873517327857e-01 0.000000000000000000e+00 3.712962884242421158e+00 4.900158616436497416e-01 3.332918893517525571e+00 -3.738363611771232886e+00 0.000000000000000000e+00 2.819945892671064769e+00 2.156166352519825580e+00 3.718804970512294972e+00 3.442874384163637558e+00 3.061147455480728752e+00 5.685428354188260869e+00 4.691507413809006266e+00 3.597846006334400215e+00 3.805933458915198742e+00
1.548362707501256561e+10 7.500000000000000000e-01 8.147966262383541380e-01 0.000000000000000000e+00 3.711066313287741725e+00 5.085245229963193392e-01 3.295901570812186598e+00 -3.735656211511662050e+00 0.000000000000000000e+00 2.749162370780368292e+00 2.080199286595345143e+00 3.658381548490531543e+00 3.378313110680387865e+00 2.992545515221571861e+00 5.677062737640731882e+00 4.663922406385857755e+00 3.552341637066831481e+00 3.751184140728085481e+00
1.550467933101768494e+10 7.500000000000000000e-01 8.453682808629637835e-01 0.000000000000000000e+00 3.709327222431634929e+00 5.272885320208383630e-01 3.258373552763148773e+00 -3.733349835464795152e+00 0.000000000000000000e+00 2.675443543088654508e+00 2.001698440915980370e+00 3.594184389521558387e+00 3.310308303389902562e+00 2.920838545649260709e+00 5.662382022569445894e+00 4.630820833421594784e+00 3.502310101148253807e+00 3.692290001868130389e+00
1.552539534159051704e+10 7.500000000000000000e-01 8.767404963771305848e-01 0.000000000000000000e+00 3.707701087996517320e+00 5.462269086481571501e-01 3.220496799508510755e+00 -3.731395045967692337e+00 0.000000000000000000e+00 2.599673964456727049e+00 1.921427450056597763e+00 3.527360564785887220e+00 3.239902104494717605e+00 2.846964015511453283e+00 5.643488799570413050e+00 4.593983867953660649e+00 3.449161421804639360e+00 3.630519846575523957e+00
1.554542638288224602e+10 7.500000000000000000e-01 9.083945714771017865e-01 0.000000000000000000e+00 3.706187611043240349e+00 5.650809001046969149e-01 3.182788816595431225e+00 -3.729709461387011871e+00 0.000000000000000000e+00 2.523124714490627696e+00 1.840659117315986748e+00 3.459186619582354183e+00 3.168369904126763004e+00 2.772193307696873887e+00 5.621479339358053551e+00 4.554595515574121123e+00 3.394115670060031675e+00 3.567137539522121870e+00
1.556451334049247169e+10 7.500000000000000000e-01 9.400214001404764153e-01 0.000000000000000000e+00 3.704768924550668086e+00 5.837316874215289220e-01 3.145487241961767211e+00 -3.728437283328034813e+00 0.000000000000000000e+00 2.446574392885196403e+00 1.760124628656505763e+00 3.390546097431681005e+00 3.096554216257317194e+00 2.697326244630467329e+00 5.597546365492199527e+00 4.513759946995506311e+00 3.338142758528519494e+00 3.503070394835695822e+00
1.558259566323316574e+10 7.500000000000000000e-01 9.713666554406774623e-01 0.000000000000000000e+00 3.703416138256655277e+00 6.021098876596543414e-01 3.108730841485516372e+00 -3.727217663752122601e+00 0.000000000000000000e+00 2.370690167275647298e+00 1.680411519242895224e+00 3.322281156234616617e+00 3.025226583026729088e+00 2.623065054803852547e+00 5.573158895344484165e+00 4.472743111787742976e+00 3.282269294723633379e+00 3.439247208242797171e+00
1.559957856079778862e+10 7.500000000000000000e-01 1.002299645505150494e+00 0.000000000000000000e+00 3.702120456082173661e+00 6.201677470408553106e-01 3.072615122723114656e+00 -3.726291390468502218e+00 0.000000000000000000e+00 2.295802559801920495e+00 1.601827040492601384e+00 3.254773236731217878e+00 2.954748355652633052e+00 2.549750478890651095e+00 5.548836814580653254e+00 4.432028715850172773e+00 3.226920254272414468e+00 3.376071311284100318e+00
1.561544734843823051e+10 7.500000000000000000e-01 1.032688721465800041e+00 0.000000000000000000e+00 3.700884595665172139e+00 6.378340058551817959e-01 3.037282605094461463e+00 -3.725289165592605034e+00 0.000000000000000000e+00 2.222225883040870542e+00 1.524695108558297818e+00 3.188316045312767244e+00 2.885422283886832417e+00 2.477692505914014021e+00 5.524697405341768786e+00 4.391808648016656491e+00 3.172342425565908286e+00 3.313819401935035103e+00
1.563015855578087425e+10 7.500000000000000000e-01 1.062400320423998235e+00 0.000000000000000000e+00 3.699689211149649104e+00 6.550805743653270730e-01 3.002789468074171353e+00 -3.724662503770310273e+00 0.000000000000000000e+00 2.150321588393808270e+00 1.449323244064608218e+00 3.123389885239461705e+00 2.817679696214248963e+00 2.407275982361916533e+00 5.501647810071681022e+00 4.352850258182101584e+00 3.119148415582294831e+00 3.253034760568496608e+00
1.564377218848500061e+10 7.500000000000000000e-01 1.091351225330097208e+00 0.000000000000000000e+00 3.698551427390023960e+00 6.718315943376275134e-01 2.969287428129570028e+00 -3.723993368583318642e+00 0.000000000000000000e+00 2.080258495551291276e+00 1.375931692242026827e+00 3.060049912455070853e+00 2.751623038441984193e+00 2.338646721397786621e+00 5.479172620015383188e+00 4.314849395793423525e+00 3.067231305253073970e+00 3.193704701127245471e+00
1.565630256985568047e+10 7.500000000000000000e-01 1.119510579106032910e+00 0.000000000000000000e+00 3.697475645494038066e+00 6.880628350175671537e-01 2.936824946769690747e+00 -3.723436424285305524e+00 0.000000000000000000e+00 2.012097679348151757e+00 1.304596938195437872e+00 2.998320105698070392e+00 2.687292146666344195e+00 2.271858331276277454e+00 5.457077652501631349e+00 4.277695806045421989e+00 3.016554421612269721e+00 3.135828922759401394e+00
1.566788181252888680e+10 7.500000000000000000e-01 1.146877759839477262e+00 0.000000000000000000e+00 3.696440998820229140e+00 7.038157187319070696e-01 2.905319179341010916e+00 -3.722883091330114969e+00 0.000000000000000000e+00 1.945876436284606825e+00 1.235297843723543565e+00 2.938362993930603295e+00 2.624798007648038833e+00 2.206973237341976812e+00 5.436042480481987127e+00 4.241890288135465426e+00 2.967435487286849138e+00 3.079639960846535018e+00
1.567860324241109276e+10 7.500000000000000000e-01 1.173568958603220302e+00 0.000000000000000000e+00 3.695438382772182617e+00 7.191665502098715246e-01 2.874617516385082450e+00 -3.722615304225467270e+00 0.000000000000000000e+00 1.881319609921924041e+00 1.167734233990479709e+00 2.879953685048683099e+00 2.563895443268123131e+00 2.143726784099676763e+00 5.416084992132368825e+00 4.207364682526524291e+00 2.919721213859190811e+00 3.024941646939360851e+00
1.568836103180710411e+10 7.500000000000000000e-01 1.200094966003946162e+00 0.000000000000000000e+00 3.694447670880718793e+00 7.344109776931613265e-01 2.844128661418502624e+00 -3.722204070685775079e+00 0.000000000000000000e+00 1.817191955891360067e+00 1.100611536620277775e+00 2.821977046672017764e+00 2.503420773841682490e+00 2.080909383963692960e+00 5.396822290806902345e+00 4.173462935215837888e+00 2.872502205179578993e+00 2.970691130988448947e+00
1.569745645302404022e+10 7.500000000000000000e-01 1.226106440708241152e+00 0.000000000000000000e+00 3.693500084095312719e+00 7.493118886161225234e-01 2.814326839572580230e+00 -3.721790498850790385e+00 0.000000000000000000e+00 1.754296472816328389e+00 1.034827052281606541e+00 2.765032381819082730e+00 2.444057520875560385e+00 2.019282272504362652e+00 5.377777491441428026e+00 4.140106250606670812e+00 2.826071189119268467e+00 2.917366652820760464e+00
1.570586588556612587e+10 7.500000000000000000e-01 1.250962499025610075e+00 0.000000000000000000e+00 3.692585334053400281e+00 7.635694178586306391e-01 2.785811781087563777e+00 -3.721539216110589798e+00 0.000000000000000000e+00 1.694252440648419622e+00 9.719736050425282770e-01 2.710806285839673535e+00 2.387463013091917219e+00 1.960476450950530136e+00 5.360639861310069421e+00 4.109006850380289677e+00 2.782134925291742888e+00 2.866690267766983879e+00
1.571361152238261604e+10 7.500000000000000000e-01 1.275017518465455080e+00 0.000000000000000000e+00 3.691717907996163284e+00 7.773317796930270251e-01 2.758287057418771226e+00 -3.721253918562725804e+00 0.000000000000000000e+00 1.636138258571769200e+00 9.111739958866849065e-01 2.658270229654618788e+00 2.332654479175822360e+00 1.903549988428792972e+00 5.344016911180133889e+00 4.078891497154643275e+00 2.739551533219575674e+00 2.817571416380467042e+00
1.572078771267303276e+10 7.500000000000000000e-01 1.298268795920223706e+00 0.000000000000000000e+00 3.690886856448771791e+00 7.906195215151946565e-01 2.731711573774436186e+00 -3.721095794530802969e+00 0.000000000000000000e+00 1.579981200478364656e+00 8.524249770314327179e-01 2.607517196972125362e+00 2.279697765981381963e+00 1.848543394436390486e+00 5.328270690310695556e+00 4.050028221156331654e+00 2.698496164321809943e+00 2.770140878107284266e+00
1.572743586652209282e+10 7.500000000000000000e-01 1.320703777147992142e+00 0.000000000000000000e+00 3.690082210481125724e+00 8.034463040643716747e-01 2.706058008676082149e+00 -3.720956995261710976e+00 0.000000000000000000e+00 1.525832726952685903e+00 7.957499548944895196e-01 2.558659371073844113e+00 2.228679887069375809e+00 1.795520362893938682e+00 5.313760814082890249e+00 4.022690261606996387e+00 2.659156978671191496e+00 2.724546240510065331e+00
1.573365895234067726e+10 7.500000000000000000e-01 1.342574201856846283e+00 0.000000000000000000e+00 3.689303525168480480e+00 8.159388870440876795e-01 2.681072842716649696e+00 -3.720727289187342191e+00 0.000000000000000000e+00 1.473062542775792849e+00 7.405176427435478104e-01 2.511063548617194385e+00 2.178969603798023513e+00 1.743850773757316119e+00 5.299932849848374872e+00 3.996288595718368697e+00 2.620919495497055607e+00 2.680153312147055544e+00
1.573942686712757492e+10 7.500000000000000000e-01 1.363753828025604298e+00 0.000000000000000000e+00 3.688528941473404377e+00 8.280778675186202253e-01 2.656794881767584826e+00 -3.720647202798041064e+00 0.000000000000000000e+00 1.422037442622027470e+00 6.870303694796788818e-01 2.465240749121711872e+00 2.131017439398107172e+00 1.693930171139449214e+00 5.287889720114428371e+00 3.971721658008043221e+00 2.584475382899583451e+00 2.637558909711209765e+00
1.574479460417479134e+10 7.500000000000000000e-01 1.384259088169580654e+00 0.000000000000000000e+00 3.687792208787832759e+00 8.398039629617519708e-01 2.633342690881321335e+00 -3.720538741816941553e+00 0.000000000000000000e+00 1.372632060896144424e+00 6.352663612051188124e-01 2.420833329459647132e+00 2.084563104787328314e+00 1.645586525335566819e+00 5.276187727368430558e+00 3.947928845734523406e+00 2.549147966308950686e+00 2.596265356268460778e+00
1.574983250187054825e+10 7.500000000000000000e-01 1.404243440552491728e+00 0.000000000000000000e+00 3.687078131871167397e+00 8.512242929865384555e-01 2.610502030831748144e+00 -3.720399076066359001e+00 0.000000000000000000e+00 1.324497700602172756e+00 5.848311814834801226e-01 2.377591417485000136e+00 2.039315842479716423e+00 1.598491462355532633e+00 5.265086375241679661e+00 3.924985520222705304e+00 2.514835399570920060e+00 2.556082213928519309e+00
1.575457530669549561e+10 7.500000000000000000e-01 1.423808571155533498e+00 0.000000000000000000e+00 3.686355787762280123e+00 8.624515465058327779e-01 2.588047523793159499e+00 -3.720295305970096500e+00 0.000000000000000000e+00 1.277457886745935411e+00 5.354538287743224600e-01 2.335547693982100270e+00 1.995220975034477817e+00 1.552511020372726591e+00 5.255629288336727711e+00 3.903577724822859807e+00 2.481868705081843984e+00 2.517169607215919314e+00
1.575900384004218292e+10 7.500000000000000000e-01 1.442765364686063867e+00 0.000000000000000000e+00 3.685655917576486473e+00 8.733296836426860388e-01 2.566291249519453199e+00 -3.720293892768497646e+00 0.000000000000000000e+00 1.231906118712927878e+00 4.876237732455450669e-01 2.294882819901708615e+00 1.952547968091444375e+00 1.507995297727603656e+00 5.246900445824309145e+00 3.883180119931992635e+00 2.450111545778753452e+00 2.479577741449972450e+00
